examples/sea-practical-2023.cnv
* Sea-Bird SBE19plus  Data File:
* FileName = E:\Prandtl_Daten\2023\CTD\raw_data\SBE19plus_01907321_2023_05_12_Cast38.hex
* Software version 2.6.1.12
* Temperature SN = 7321
* Conductivity SN = 7321
* System UpLoad Time = May 12 2023 10:24:17
* <ApplicationData>
* <Seaterm232>
** 20230512
** Messpraktikum 2023
** CTD 12.05 D1
** NMEA Latitude = 53 29.81 N
** NMEA Longitude = 008 10.89 E
# nquan = 12
# nvalues = 358                         
# units = specified
# name 0 = timeJ: Julian Days
# name 1 = prdM: Pressure, Strain Gauge [db]
# name 2 = tv290C: Temperature [ITS-90, deg C]
# name 3 = c0mS/cm: Conductivity [mS/cm]
# name 4 = sal00: Salinity, Practical [PSU]
# name 5 = depSM: Depth [salt water, m], lat = 54.00
# name 6 = oxsatMm/Kg: Oxygen Saturation, Weiss [umol/kg]
# name 7 = oxsolMm/Kg: Oxygen Saturation, Garcia & Gordon [umol/kg]
# name 8 = turbWETntu0: Turbidity, WET Labs ECO [NTU]
# name 9 = flECO-AFL: Fluorescence, WET Labs ECO-AFL/FL [mg/m^3]
# name 10 = sbeox0PS: Oxygen, SBE 43 [% saturation]
# name 11 = flag:  0.000e+00
# span 0 = 132.429031, 132.430064       
# span 1 =      0.257,     12.037       
# span 2 =    13.4195,    13.9001       
# span 3 =  34.489288,  35.016533       
# span 4 =    28.3696,    28.9744       
# span 5 =      0.255,     11.929       
# span 6 =  264.94583,  267.13975       
# span 7 =  265.14752,  267.31229       
# span 8 =    16.5871,    64.6183       
# span 9 =     5.6195,     9.4489       
# span 10 =     87.435,     91.804      
# span 11 = 0.0000e+00, 0.0000e+00      
# interval = seconds: 0.25
# start_time = May 12 2023 10:15:11 [Instrument's time stamp, header]
# bad_flag = -9.990e-29
*END*
[from data line 241]
 132.429728      8.429    13.5399  34.875150    28.8454      8.354  266.11572  266.29328    59.2486     8.6846     90.456 0.0000e+00
 132.429731      8.462    13.5411  34.880233    28.8458      8.386  266.10199  266.27958    59.0307     8.6846     90.375 0.0000e+00
 132.429734      8.489    13.5423  34.877662    28.8458      8.413  266.10167  266.27942    56.0268     8.8059     90.313 0.0000e+00
 132.429737      8.518    13.5429  34.875987    28.8458      8.442  266.10123  266.27893    55.9646     8.8059     90.414 0.0000e+00
 132.429740      8.546    13.5432  34.879994    28.8473      8.469  266.09369  266.27142    55.9646     8.8059     90.491 0.0000e+00
 132.429742      8.577    13.5437  34.888846    28.8550      8.500  266.07690  266.25458    55.9334     8.8059     90.600 0.0000e+00
 132.429745      8.612    13.5450  34.900451    28.8647      8.534  266.05182  266.22949    55.8868     8.6765     90.661 0.0000e+00
 132.429748      8.648    13.5470  34.907091    28.8692      8.571  266.03214  266.20988    55.8245     8.6765     90.717 0.0000e+00
 132.429751      8.688    13.5489  34.909783    28.8702      8.611  266.01976  266.19759    55.7778     8.6765     90.859 0.0000e+00
 132.429754      8.730    13.5503  34.915886    28.8722      8.652  266.00371  266.18158    55.7778     8.6765     90.949 0.0000e+00
 132.429757      8.767    13.5517  34.914210    28.8739      8.689  266.00114  266.17911    53.5210     8.5754     91.009 0.0000e+00
 132.429760      8.803    13.5525  34.916783    28.8739      8.725  265.99348  266.17148    53.3965     8.5471     91.016 0.0000e+00
 132.429763      8.836    13.5535  34.919476    28.8756      8.757  265.98472  266.16276    53.4743     8.5471     91.064 0.0000e+00
 132.429766      8.871    13.5540  34.920972    28.8766      8.791  265.98009  266.15815    53.4743     8.5633     91.134 0.0000e+00
 132.429769      8.904    13.5545  34.923964    28.8767      8.824  265.97539  266.15350    53.5366     8.5633     91.186 0.0000e+00
 132.429771      8.933    13.5548  34.921809    28.8767      8.853  265.97539  266.15350    54.1903     8.5593     91.292 0.0000e+00
 132.429774      8.958    13.5548  34.914450    28.8700      8.878  265.98787  266.16604    54.3148     8.5552     91.329 0.0000e+00
 132.429777      8.985    13.5538  34.910442    28.8671      8.905  265.99891  266.17705    54.3148     8.5310     91.420 0.0000e+00
 132.429780      9.020    13.5523  34.906374    28.8671      8.939  265.99977  266.17764    54.2058     8.5552     91.533 0.0000e+00
 132.429783      9.049    13.5506  34.917801    28.8762      8.968  265.99977  266.17764    54.2058     8.7978     91.451 0.0000e+00
 132.429786      9.085    13.5506  34.932402    28.8898      9.004  265.97596  266.15369    54.2058     8.8059     91.494 0.0000e+00
 132.429789      9.124    13.5522  34.935813    28.8902      9.042  265.96237  266.14019    54.2992     8.7978     91.435 0.0000e+00
 132.429792      9.162    13.5544  34.936232    28.8914      9.080  265.95293  266.13088    54.1280     8.7978     91.412 0.0000e+00
 132.429795      9.202    13.5560  34.943414    28.8915      9.119  265.93415  266.11215    53.8323     8.4258     91.372 0.0000e+00
 132.429797      9.236    13.5575  34.940242    28.8929      9.154  265.93351  266.11163    53.7389     8.4258     91.321 0.0000e+00
 132.429800      9.271    13.5585  34.942576    28.8929      9.188  265.92536  266.10352    53.7389     8.4177     91.341 0.0000e+00
 132.429803      9.306    13.5591  34.946167    28.8957      9.222  265.91689  266.09505    53.6611     8.4177     91.293 0.0000e+00
 132.429806      9.338    13.5600  34.947005    28.8957      9.255  265.91689  266.09505    53.3965     8.7048     91.319 0.0000e+00
 132.429809      9.366    13.5600  34.939823    28.8888      9.282  265.92163  266.09995    53.3965     8.7331     91.303 0.0000e+00
 132.429812      9.395    13.5598  34.933240    28.8833      9.311  265.93581  266.11414    53.3965     8.7331     91.208 0.0000e+00
 132.429815      9.426    13.5586  34.931983    28.8833      9.342  265.94248  266.12066    53.5054     8.7372     91.149 0.0000e+00
 132.429818      9.459    13.5577  34.934497    28.8860      9.375  265.94248  266.12066    53.5366     8.7372     91.143 0.0000e+00
 132.429821      9.490    13.5577  34.947664    28.8942      9.405  265.92571  266.10383    54.1591     8.6765     91.135 0.0000e+00
 132.429823      9.531    13.5580  34.943714    28.8961      9.445  265.92262  266.10065    54.1747     8.6765     91.133 0.0000e+00
 132.429826      9.571    13.5587  34.946347    28.8961      9.485  265.91826  266.09641    54.2369     8.6765     91.174 0.0000e+00
 132.429829      9.611    13.5592  34.947006    28.8962      9.525  265.91506  266.09323    54.2369     8.6604     91.169 0.0000e+00
 132.429832      9.649    13.5595  34.947245    28.8963      9.563  265.91347  266.09166    52.2914     8.1670     91.222 0.0000e+00
 132.429835      9.689    13.5600  34.948263    28.8964      9.602  265.90967  266.08788    52.1980     8.1630     91.291 0.0000e+00
 132.429838      9.725    13.5605  34.948263    28.8965      9.638  265.90758  266.08582    52.1980     8.1630     91.373 0.0000e+00
 132.429841      9.757    13.5611  34.948921    28.8964      9.669  265.90407  266.08235    52.2292     8.1630     91.399 0.0000e+00
 132.429844      9.789    13.5613  34.948802    28.8963      9.702  265.90407  266.08235    52.4315     8.3530     91.457 0.0000e+00
 132.429847      9.818    13.5616  34.947425    28.8947      9.731  265.90453  266.08285    52.4315     8.3530     91.542 0.0000e+00
 132.429850      9.848    13.5616  34.947006    28.8943      9.760  265.90526  266.08358    52.4626     8.3733     91.472 0.0000e+00
 132.429852      9.875    13.5614  34.943834    28.8938      9.787  265.91104  266.08932    52.4626     8.3733     91.428 0.0000e+00
 132.429855      9.901    13.5608  34.945750    28.8920      9.812  265.91155  266.08989    52.4938     8.5633     91.377 0.0000e+00
 132.429858      9.934    13.5608  34.943595    28.8938      9.845  265.91104  266.08932    52.5405     8.5633     91.305 0.0000e+00
 132.429861      9.970    13.5608  34.950359    28.8979      9.881  265.90268  266.08093    52.5093     8.5431     91.289 0.0000e+00
 132.429864     10.006    13.5608  34.953172    28.9006      9.917  265.89896  266.07714    52.5093     8.5431     91.222 0.0000e+00
 132.429867     10.046    13.5602  34.954190    28.9019      9.957  265.89896  266.07710    52.5093     8.5350     91.275 0.0000e+00
 132.429870     10.088    13.5597  34.955447    28.9034      9.998  265.89897  266.07714    54.7039     8.3005     91.233 0.0000e+00
 132.429873     10.127    13.5588  34.956106    28.9048     10.036  265.90018  266.07817    54.7506     8.2883     91.271 0.0000e+00
 132.429876     10.163    13.5580  34.958859    28.9071     10.072  265.90180  266.07987    54.7506     8.2883     91.267 0.0000e+00
 132.429878     10.194    13.5580  34.958021    28.9078     10.103  265.90018  266.07817    54.7039     8.2883     91.172 0.0000e+00
 132.429881     10.232    13.5582  34.959518    28.9082     10.141  265.89853  266.07653    51.8556     8.4218     91.210 0.0000e+00
 132.429884     10.265    13.5582  34.959518    28.9082     10.173  265.89853  266.07653    51.6844     8.4218     91.233 0.0000e+00
 132.429887     10.294    13.5575  34.957363    28.9083     10.202  265.90491  266.08289    51.6844     8.4339     91.262 0.0000e+00
 132.429890     10.322    13.5567  34.958441    28.9068     10.229  265.90642  266.08434    51.8556     8.4460     91.291 0.0000e+00
 132.429893     10.351    13.5559  34.948684    28.9000     10.258  265.92628  266.10423    54.4548     8.7331     91.366 0.0000e+00
 132.429896     10.380    13.5548  34.944016    28.9000     10.287  265.92628  266.10423    54.4704     8.7331     91.451 0.0000e+00
 132.429899     10.413    13.5537  34.954431    28.9069     10.319  265.92564  266.10340    54.4548     8.7331     91.452 0.0000e+00
 132.429902     10.451    13.5533  34.959519    28.9119     10.357  265.91947  266.09710    54.3615     8.7291     91.465 0.0000e+00
 132.429905     10.491    13.5526  34.960777    28.9134     10.397  265.91947  266.09710    50.3303     8.3045     91.374 0.0000e+00
 132.429907     10.529    13.5526  34.960537    28.9136     10.435  265.91947  266.09710    50.3148     8.3045     91.356 0.0000e+00
 132.429910     10.571    13.5527  34.961376    28.9140     10.477  265.91821  266.09584    50.2681     8.2964     91.330 0.0000e+00
 132.429913     10.608    13.5528  34.963710    28.9161     10.513  265.91398  266.09159    50.2681     8.3126     91.352 0.0000e+00
 132.429916     10.644    13.5531  34.964788    28.9169     10.549  265.91097  266.08859    50.2836     8.3045     91.347 0.0000e+00
 132.429919     10.671    13.5533  34.965626    28.9169     10.576  265.90970  266.08733    50.6572     8.3126     91.388 0.0000e+00
 132.429922     10.704    13.5533  34.965028    28.9171     10.608  265.90918  266.08681    50.7272     8.3086     91.391 0.0000e+00
 132.429925     10.735    13.5533  34.961855    28.9169     10.639  265.90970  266.08733    50.7973     8.3126     91.384 -9.990e-29
 132.429928     10.759    13.5530  34.960778    28.9132     10.663  265.91814  266.09579    50.7506     8.3086     91.457 -9.990e-29
 132.429931     10.787    13.5531  34.961376    28.9137     10.690  265.91684  266.09449    52.4004     8.8140     91.470 -9.990e-29
 132.429933     10.812    13.5529  34.965208    28.9247     10.715  265.89730  266.07485    52.5716     8.8181     91.464 -9.990e-29
 132.429936     10.847    13.5525  34.973290    28.9246     10.749  265.89988  266.07741    52.5716     8.8222     91.505 0.0000e+00
 132.429939     10.885    13.5520  34.972392    28.9245     10.787  265.90247  266.07996    52.5716     8.8181     91.544 0.0000e+00
 132.429942     10.925    13.5511  34.969219    28.9236     10.827  265.90989  266.08733    50.9685     8.4946     91.515 0.0000e+00
 132.429945     10.967    13.5510  34.970537    28.9236     10.869  265.91000  266.08742    50.9685     8.4784     91.620 0.0000e+00
 132.429948     11.009    13.5506  34.971375    28.9246     10.910  265.90989  266.08733    50.9685     8.4784     91.676 0.0000e+00
 132.429951     11.045    13.5506  34.974309    28.9273     10.947  265.90506  266.08245    50.9685     8.4703     91.671 0.0000e+00
 132.429954     11.084    13.5511  34.975566    28.9273     10.984  265.90084  266.07825    49.2720     8.0215     91.662 0.0000e+00
 132.429957     11.116    13.5519  34.974548    28.9269     11.017  265.89957  266.07704    49.2720     8.0134     91.639 0.0000e+00
 132.429959     11.147    13.5520  34.975087    28.9267     11.048  265.89897  266.07644    49.2720     8.0154     91.547 0.0000e+00
 132.429962     11.182    13.5520  34.970058    28.9269     11.082  265.89838  266.07584    49.2720     8.0093     91.522 -9.990e-29
 132.429965     11.206    13.5516  34.966287    28.9191     11.105  265.91483  266.09235    49.3809     8.0376     91.439 -9.990e-29
 132.429968     11.230    13.5525  34.971375    28.9252     11.129  265.89837  266.07589    46.2681     8.4501     91.443 -9.990e-29
 132.429971     11.260    13.5523  34.973710    28.9284     11.160  265.89376  266.07124    46.2136     8.4299     91.429 0.0000e+00
 132.429974     11.289    13.5521  34.980237    28.9315     11.188  265.88915  266.06658    46.2525     8.4380     91.444 0.0000e+00
 132.429977     11.324    13.5511  34.985566    28.9371     11.223  265.88821  266.06545    46.2525     8.4097     91.492 0.0000e+00
 132.429980     11.368    13.5500  34.985986    28.9384     11.266  265.88821  266.06545    48.9918     8.0538     91.434 0.0000e+00
 132.429983     11.410    13.5492  34.987483    28.9389     11.308  265.88871  266.06590    48.9918     8.0538     91.518 0.0000e+00
 132.429986     11.448    13.5492  34.985746    28.9403     11.346  265.88871  266.06590    48.9918     8.0538     91.556 0.0000e+00
 132.429988     11.488    13.5492  34.989579    28.9422     11.385  265.88551  266.06268    48.9762     8.0053     91.521 0.0000e+00
 132.429991     11.525    13.5495  34.991076    28.9432     11.422  265.88152  266.05869    46.3926     7.8193     91.468 0.0000e+00
 132.429994     11.558    13.5495  34.991076    28.9433     11.454  265.88152  266.05869    46.2836     7.8031     91.515 0.0000e+00
 132.429997     11.592    13.5486  34.991915    28.9448     11.489  265.88404  266.06114    46.2836     7.8031     91.451 0.0000e+00
 132.430000     11.620    13.5482  34.991735    28.9450     11.516  265.88571  266.06279    46.2758     7.8213     91.393 0.0000e+00
 132.430003     11.645    13.5478  34.987903    28.9452     11.541  265.88737  266.06443    46.2681     7.8395     91.420 -9.990e-29
 132.430006     11.667    13.5473  34.985568    28.9443     11.563  265.89176  266.06880    43.6066     8.0902     91.439 -9.990e-29
 132.430009     11.693    13.5472  34.990418    28.9484     11.588  265.88517  266.06216    43.6377     8.0861     91.496 0.0000e+00
 132.430012     11.724    13.5470  34.999102    28.9525     11.619  265.87858  266.05552    43.6066     8.0821     91.472 0.0000e+00
 132.430014     11.762    13.5452  35.010362    28.9642     11.657  265.87215  266.04868    43.6689     8.0700     91.595 0.0000e+00
 132.430017     11.799    13.5425  35.013776    28.9694     11.693  265.87215  266.04868    45.9101     8.0417     91.616 0.0000e+00
 132.430020     11.843    13.5399  35.012699    28.9703     11.736  265.88455  266.06092    46.0502     8.0417     91.710 0.0000e+00
 132.430023     11.886    13.5388  35.012879    28.9713     11.780  265.88779  266.06405    46.0035     8.0417     91.712 0.0000e+00
 132.430026     11.926    13.5388  35.014376    28.9729     11.819  265.88779  266.06405    46.0502     8.0053     91.706 0.0000e+00
 132.430029     11.966    13.5385  35.016533    28.9740     11.859  265.88540  266.06166    49.8012     7.9082     91.601 0.0000e+00
 132.430032     11.999    13.5387  35.015634    28.9744     11.891  265.88418  266.06044    49.8167     7.9021     91.602 0.0000e+00
 132.430035     12.032    13.5385  35.010543    28.9740     11.924  265.88540  266.06166    49.8012     7.9082     91.561 -9.990e-29
 132.430038     12.032    13.5399  34.999762    28.9584     11.924  265.90690  266.08338    49.6611     7.8719     91.423 -9.990e-29
 132.430041     12.026    13.5414  35.001679    28.9590     11.918  265.89732  266.07388    47.7467     8.6199     91.507 -9.990e-29
 132.430043     12.026    13.5418  35.003535    28.9604     11.918  265.89236  266.06894    47.7622     8.6199     91.501 -9.990e-29
 132.430046     12.030    13.5422  35.003775    28.9603     11.922  265.89045  266.06705    47.7467     8.6118     91.515 -9.990e-29
 132.430049     12.029    13.5426  35.005032    28.9612     11.922  265.88651  266.06313    47.8089     8.6118     91.577 -9.990e-29
 132.430052     12.029    13.5429  35.005691    28.9616     11.922  265.88449  266.06112    51.0930     8.6118     91.694 -9.990e-29
 132.430055     12.035    13.5432  35.005691    28.9613     11.927  265.88299  266.05964    50.8595     8.6118     91.767 -9.990e-29
 132.430058     12.033    13.5430  35.006769    28.9625     11.925  265.88207  266.05869    50.9840     8.5957     91.776 -9.990e-29
 132.430061     12.031    13.5423  35.007608    28.9637     11.924  265.88336  266.05993    50.9529     8.6401     91.804 -9.990e-29
 132.430064     12.037    13.5421  35.007608    28.9639     11.929  265.88427  266.06082    51.0774     8.6401     91.800 -9.990e-29
