examples/sea-practical-2023.cnv
* Sea-Bird SBE19plus  Data File:
* FileName = E:\Prandtl_Daten\2023\CTD\raw_data\SBE19plus_01907321_2023_05_12_Cast38.hex
* Software version 2.6.1.12
* Temperature SN = 7321
* Conductivity SN = 7321
* System UpLoad Time = May 12 2023 10:24:17
* <ApplicationData>
* <Seaterm232>
** 20230512
** Messpraktikum 2023
** CTD 12.05 D1
** NMEA Latitude = 53 29.81 N
** NMEA Longitude = 008 10.89 E
# nquan = 12
# nvalues = 358                         
# units = specified
# name 0 = timeJ: Julian Days
# name 1 = prdM: Pressure, Strain Gauge [db]
# name 2 = tv290C: Temperature [ITS-90, deg C]
# name 3 = c0mS/cm: Conductivity [mS/cm]
# name 4 = sal00: Salinity, Practical [PSU]
# name 5 = depSM: Depth [salt water, m], lat = 54.00
# name 6 = oxsatMm/Kg: Oxygen Saturation, Weiss [umol/kg]
# name 7 = oxsolMm/Kg: Oxygen Saturation, Garcia & Gordon [umol/kg]
# name 8 = turbWETntu0: Turbidity, WET Labs ECO [NTU]
# name 9 = flECO-AFL: Fluorescence, WET Labs ECO-AFL/FL [mg/m^3]
# name 10 = sbeox0PS: Oxygen, SBE 43 [% saturation]
# name 11 = flag:  0.000e+00
# span 0 = 132.429031, 132.430064       
# span 1 =      0.257,     12.037       
# span 2 =    13.4195,    13.9001       
# span 3 =  34.489288,  35.016533       
# span 4 =    28.3696,    28.9744       
# span 5 =      0.255,     11.929       
# span 6 =  264.94583,  267.13975       
# span 7 =  265.14752,  267.31229       
# span 8 =    16.5871,    64.6183       
# span 9 =     5.6195,     9.4489       
# span 10 =     87.435,     91.804      
# span 11 = 0.0000e+00, 0.0000e+00      
# interval = seconds: 0.25
# start_time = May 12 2023 10:15:11 [Instrument's time stamp, header]
# bad_flag = -9.990e-29
*END*
[from data line 121]
 132.429381      4.373    13.4623  34.563346    28.6190      4.334  266.96353  267.13883    33.5677     8.6199     87.538 0.0000e+00
 132.429384      4.401    13.4625  34.564299    28.6197      4.361  266.96071  267.13602    33.5521     8.6199     87.606 0.0000e+00
 132.429387      4.430    13.4626  34.566802    28.6220      4.390  266.95677  267.13206    33.6299     8.6199     87.722 0.0000e+00
 132.429389      4.457    13.4636  34.568709    28.6229      4.417  266.94899  267.12433    35.4354     8.8909     87.711 0.0000e+00
 132.429392      4.483    13.4636  34.572106    28.6261      4.443  266.94435  267.11957    35.4821     8.9030     87.850 0.0000e+00
 132.429395      4.517    13.4625  34.574133    28.6287      4.477  266.94435  267.11957    35.4976     8.9030     87.741 0.0000e+00
 132.429398      4.550    13.4612  34.574968    28.6305      4.509  266.94841  267.12354    35.5599     8.9030     87.684 0.0000e+00
 132.429401      4.592    13.4602  34.575802    28.6320      4.551  266.95127  267.12633    35.6222     8.6968     87.653 0.0000e+00
 132.429404      4.630    13.4597  34.576279    28.6327      4.589  266.95230  267.12733    35.7311     8.6968     87.684 0.0000e+00
 132.429407      4.676    13.4594  34.576041    28.6327      4.634  266.95327  267.12827    35.7311     8.6887     87.783 0.0000e+00
 132.429410      4.716    13.4594  34.576458    28.6331      4.674  266.95327  267.12827    35.7622     8.6806     87.782 0.0000e+00
 132.429413      4.751    13.4598  34.577054    28.6331      4.708  266.95076  267.12578    36.5249     8.6199     87.880 0.0000e+00
 132.429416      4.784    13.4600  34.576935    28.6331      4.741  266.95076  267.12578    36.8517     8.6078     87.961 0.0000e+00
 132.429418      4.818    13.4601  34.574551    28.6329      4.775  266.95007  267.12511    36.8517     8.6078     88.051 0.0000e+00
 132.429421      4.848    13.4601  34.576876    28.6329      4.804  266.95337  267.12837    36.8673     8.6078     88.062 0.0000e+00
 132.429424      4.873    13.4594  34.576638    28.6333      4.830  266.95337  267.12837    36.9762     8.8949     88.082 0.0000e+00
 132.429427      4.899    13.4589  34.576936    28.6339      4.855  266.95390  267.12884    37.0074     8.9272     88.084 0.0000e+00
 132.429430      4.926    13.4586  34.578128    28.6352      4.882  266.95390  267.12884    36.9762     8.9353     88.028 0.0000e+00
 132.429433      4.957    13.4586  34.578545    28.6356      4.913  266.95390  267.12884    37.0074     8.9272     87.998 0.0000e+00
 132.429436      4.988    13.4578  34.578307    28.6357      4.944  266.95728  267.13216    37.0074     8.9353     87.990 0.0000e+00
 132.429439      5.023    13.4564  34.576937    28.6360      4.978  266.96541  267.14021    40.6027     8.9636     87.923 0.0000e+00
 132.429442      5.065    13.4544  34.576639    28.6369      5.020  266.97414  267.14882    40.6494     8.9919     87.933 0.0000e+00
 132.429444      5.107    13.4530  34.577056    28.6383      5.061  266.97922  267.15379    40.6961     8.9798     87.914 0.0000e+00
 132.429447      5.145    13.4526  34.578129    28.6396      5.099  266.97924  267.15381    40.8050     8.9798     87.957 0.0000e+00
 132.429450      5.185    13.4526  34.578010    28.6396      5.139  266.97924  267.15379    42.0502     8.8059     87.962 0.0000e+00
 132.429453      5.220    13.4529  34.577891    28.6392      5.173  266.97902  267.15361    42.1591     8.8059     88.000 0.0000e+00
 132.429456      5.255    13.4529  34.577057    28.6382      5.208  266.97902  267.15361    42.1903     8.8019     88.056 0.0000e+00
 132.429459      5.291    13.4526  34.576461    28.6382      5.244  266.98188  267.15645    42.1903     8.8140     88.063 0.0000e+00
 132.429462      5.317    13.4520  34.577355    28.6393      5.269  266.98251  267.15703    40.9607     8.8585     88.140 0.0000e+00
 132.429465      5.346    13.4520  34.577713    28.6393      5.298  266.98251  267.15703    40.8984     8.8706     88.197 0.0000e+00
 132.429468      5.373    13.4526  34.576878    28.6383      5.325  266.98251  267.15703    40.9296     8.8868     88.196 0.0000e+00
 132.429470      5.402    13.4526  34.575389    28.6370      5.354  266.98377  267.15835    40.8984     8.8949     88.219 0.0000e+00
 132.429473      5.433    13.4521  34.574316    28.6363      5.384  266.98775  267.16230    38.0969     8.8949     88.174 0.0000e+00
 132.429476      5.470    13.4506  34.572230    28.6356      5.421  266.99770  267.17218    38.0969     8.8949     88.174 0.0000e+00
 132.429479      5.508    13.4483  34.570145    28.6356      5.459  267.01069  267.18504    38.0969     8.8868     88.242 0.0000e+00
 132.429482      5.548    13.4462  34.570384    28.6371      5.498  267.01911  267.19333    37.9568     8.8706     88.309 0.0000e+00
 132.429485      5.586    13.4450  34.571457    28.6390      5.536  267.02158  267.19566    37.9568     8.8625     88.271 0.0000e+00
 132.429488      5.626    13.4450  34.572887    28.6406      5.576  267.02158  267.19566    38.5327     8.6968     88.199 0.0000e+00
 132.429491      5.661    13.4453  34.573900    28.6406      5.610  267.01714  267.19126    38.6416     8.6927     88.134 0.0000e+00
 132.429494      5.699    13.4462  34.573483    28.6399      5.648  267.01393  267.18812    38.7350     8.6968     88.162 0.0000e+00
 132.429497      5.729    13.4466  34.573662    28.6398      5.677  267.01182  267.18604    38.7350     8.7048     88.152 0.0000e+00
 132.429499      5.759    13.4468  34.573304    28.6395      5.708  267.01153  267.18575    37.7545     8.7534     88.120 0.0000e+00
 132.429502      5.787    13.4469  34.573305    28.6392      5.735  267.01124  267.18547    36.7117     8.8019     88.083 -9.990e-29
 132.429505      5.809    13.4460  34.571636    28.6398      5.757  267.01544  267.18962    36.7272     8.7736     88.075 -9.990e-29
 132.429508      5.842    13.4461  34.573186    28.6386      5.789  267.01753  267.19173    41.3654     8.9677     88.067 0.0000e+00
 132.429511      5.869    13.4460  34.570563    28.6373      5.817  267.01962  267.19383    45.9724     9.1618     88.106 0.0000e+00
 132.429514      5.900    13.4449  34.568478    28.6373      5.847  267.02806  267.20220    45.9879     9.1618     88.028 0.0000e+00
 132.429517      5.937    13.4415  34.567048    28.6374      5.883  267.04448  267.21842    45.9879     9.1618     88.022 0.0000e+00
 132.429520      5.973    13.4377  34.566632    28.6399      5.920  267.06100  267.23471    46.1280     9.1537     87.925 0.0000e+00
 132.429523      6.017    13.4339  34.566394    28.6425      5.963  267.07722  267.25068    46.9373     8.8181     87.893 0.0000e+00
 132.429525      6.055    13.4316  34.566811    28.6446      6.001  267.08625  267.25956    46.9996     8.8100     87.972 0.0000e+00
 132.429528      6.095    13.4308  34.567229    28.6456      6.041  267.08891  267.26216    47.0152     8.8140     88.017 0.0000e+00
 132.429531      6.126    13.4307  34.567288    28.6456      6.071  267.08913  267.26237    47.0307     8.8140     88.015 0.0000e+00
 132.429534      6.163    13.4301  34.564547    28.6457      6.108  267.09625  267.26949    47.1085     8.8221     88.121 0.0000e+00
 132.429537      6.194    13.4277  34.565978    28.6467      6.138  267.10385  267.27692    52.4938     8.8585     88.187 0.0000e+00
 132.429540      6.225    13.4262  34.567230    28.6488      6.169  267.10844  267.28139    52.5249     8.8625     88.226 0.0000e+00
 132.429543      6.252    13.4261  34.567051    28.6488      6.196  267.10872  267.28167    52.5249     8.8585     88.246 0.0000e+00
 132.429546      6.280    13.4261  34.566217    28.6481      6.223  267.11018  267.28314    52.4938     8.8625     88.194 0.0000e+00
 132.429549      6.310    13.4250  34.564131    28.6480      6.254  267.11831  267.29122    50.9373     9.0324     88.094 0.0000e+00
 132.429552      6.341    13.4228  34.563476    28.6480      6.284  267.12855  267.30133    50.9373     9.0405     88.091 0.0000e+00
 132.429554      6.381    13.4208  34.561808    28.6480      6.324  267.13962  267.31228    50.9685     9.0486     88.025 0.0000e+00
 132.429557      6.418    13.4198  34.563715    28.6505      6.360  267.13975  267.31229    51.1085     9.0486     88.019 0.0000e+00
 132.429560      6.460    13.4195  34.565145    28.6521      6.402  267.13975  267.31229    51.7622     8.8868     87.958 0.0000e+00
 132.429563      6.498    13.4195  34.568304    28.6550      6.440  267.13469  267.30720    51.7622     8.8868     87.997 0.0000e+00
 132.429566      6.531    13.4200  34.569019    28.6551      6.473  267.13076  267.30330    51.7311     8.8666     88.044 0.0000e+00
 132.429569      6.568    13.4204  34.571224    28.6569      6.509  267.12550  267.29805    51.7311     8.8666     88.072 0.0000e+00
 132.429572      6.604    13.4209  34.573310    28.6583      6.545  267.11984  267.29241    53.4743     8.9232     88.024 0.0000e+00
 132.429575      6.633    13.4221  34.574145    28.6583      6.574  267.11358  267.28622    53.4743     8.9232     87.925 0.0000e+00
 132.429578      6.660    13.4228  34.573072    28.6573      6.601  267.11162  267.28431    53.4354     8.9232     87.903 0.0000e+00
 132.429580      6.689    13.4235  34.571701    28.6563      6.630  267.10966  267.28240    53.3965     8.9192     87.800 -9.990e-29
 132.429583      6.713    13.4242  34.574741    28.6661      6.653  267.08737  267.26005    56.2447     9.3154     87.678 -9.990e-29
 132.429586      6.744    13.4250  34.584396    28.6712      6.684  267.07382  267.24649    56.2759     9.3094     87.731 0.0000e+00
 132.429589      6.773    13.4257  34.596735    28.6763      6.713  267.06027  267.23294    56.3070     9.3114     87.840 0.0000e+00
 132.429592      6.814    13.4281  34.600014    28.6767      6.753  267.04470  267.21749    56.3070     9.3114     87.879 0.0000e+00
 132.429595      6.855    13.4309  34.601504    28.6775      6.794  267.03035  267.20331    56.1980     9.3114     87.923 0.0000e+00
 132.429598      6.896    13.4328  34.605916    28.6793      6.834  267.01527  267.18831    53.9879     9.0041     87.922 0.0000e+00
 132.429601      6.936    13.4342  34.606989    28.6794      6.874  267.00740  267.18053    53.9724     8.9919     87.893 0.0000e+00
 132.429604      6.974    13.4362  34.610984    28.6813      6.912  266.99243  267.16565    53.9879     8.9839     87.959 0.0000e+00
 132.429606      7.012    13.4381  34.612414    28.6814      6.950  266.98213  267.15546    54.0813     8.9677     88.115 0.0000e+00
 132.429609      7.047    13.4395  34.613905    28.6816      6.984  266.97385  267.14725    54.7350     8.9677     88.168 0.0000e+00
 132.429612      7.078    13.4402  34.615336    28.6824      7.014  266.96840  267.14183    54.7661     8.9677     88.192 0.0000e+00
 132.429615      7.107    13.4407  34.618914    28.6837      7.043  266.96354  267.13698    54.8284     9.0000     88.321 0.0000e+00
 132.429618      7.136    13.4411  34.624996    28.6850      7.072  266.95868  267.13214    54.7661     8.9636     88.369 -9.990e-29
 132.429621      7.161    13.4465  34.627501    28.6942      7.097  266.91171  267.08539    54.1591     9.4489     88.439 -9.990e-29
 132.429624      7.191    13.4474  34.633345    28.6947      7.126  266.90594  267.07967    54.1280     9.4368     88.522 0.0000e+00
 132.429627      7.222    13.4482  34.636028    28.6953      7.157  266.90018  267.07395    54.1591     9.4367     88.598 0.0000e+00
 132.429630      7.256    13.4499  34.637340    28.6953      7.191  266.89099  267.06486    54.2214     9.4246     88.579 0.0000e+00
 132.429633      7.293    13.4511  34.640442    28.6972      7.227  266.88058  267.05450    54.2369     9.4246     88.530 0.0000e+00
 132.429635      7.333    13.4526  34.649031    28.7039      7.267  266.85961  267.03355    56.2136     9.1537     88.496 0.0000e+00
 132.429638      7.377    13.4550  34.653863    28.7066      7.311  266.84171  267.01576    56.2759     9.1537     88.418 0.0000e+00
 132.429641      7.413    13.4578  34.661140    28.7070      7.347  266.81783  266.99199    56.3070     9.1739     88.380 0.0000e+00
 132.429644      7.448    13.4605  34.658873    28.7078      7.381  266.81049  266.98485    56.3070     9.1739     88.341 0.0000e+00
 132.429647      7.484    13.4623  34.661200    28.7078      7.417  266.79898  266.97343    55.0930     8.9192     88.411 0.0000e+00
 132.429650      7.517    13.4633  34.670447    28.7155      7.450  266.77902  266.95345    55.0307     8.9192     88.538 0.0000e+00
 132.429653      7.550    13.4641  34.682440    28.7204      7.482  266.76549  266.93992    55.0619     8.9110     88.550 0.0000e+00
 132.429656      7.577    13.4649  34.696643    28.7253      7.510  266.75196  266.92639    55.0307     8.9232     88.746 -9.990e-29
 132.429659      7.601    13.4758  34.699388    28.7261      7.533  266.69052  266.86556    56.0735     9.2346     88.847 -9.990e-29
 132.429661      7.630    13.4758  34.692226    28.7381      7.562  266.66804  266.84297    56.0191     9.2508     88.920 0.0000e+00
 132.429664      7.656    13.4758  34.718489    28.7501      7.587  266.64556  266.82038    55.9957     9.2669     88.906 0.0000e+00
 132.429667      7.690    13.4790  34.767812    28.7930      7.622  266.54839  266.72298    55.9957     9.2669     88.934 0.0000e+00
 132.429670      7.731    13.4889  34.815669    28.8218      7.661  266.42624  266.60105    56.0735     9.2346     89.126 0.0000e+00
 132.429673      7.769    13.5022  34.818177    28.8218      7.699  266.36729  266.54292    59.9646     8.9232     88.888 0.0000e+00
 132.429676      7.809    13.5115  34.817997    28.8146      7.739  266.33982  266.51649    60.0268     8.9111     89.039 0.0000e+00
 132.429679      7.849    13.5160  34.800726    28.7960      7.779  266.33327  266.51000    60.0268     8.8989     88.943 0.0000e+00
 132.429682      7.889    13.5170  34.802280    28.7960      7.819  266.33327  266.51000    60.0424     8.8747     89.019 0.0000e+00
 132.429685      7.922    13.5171  34.817758    28.8101      7.851  266.30642  266.48302    59.9334     8.7978     89.207 0.0000e+00
 132.429688      7.958    13.5191  34.828516    28.8184      7.887  266.28003  266.45666    59.9334     8.7938     89.426 0.0000e+00
 132.429690      7.991    13.5219  34.836107    28.8184      7.920  266.25860  266.43557    59.9334     8.7978     89.635 0.0000e+00
 132.429693      8.020    13.5243  34.828516    28.8145      7.949  266.25860  266.43557    59.9023     8.8423     89.893 0.0000e+00
 132.429696      8.048    13.5248  34.822838    28.8115      7.976  266.26131  266.43834    59.2642     8.9252     90.186 0.0000e+00
 132.429699      8.077    13.5253  34.800547    28.8085      8.005  266.26402  266.44110    58.4860     9.0081     90.322 -9.990e-29
 132.429702      8.101    13.5182  34.813993    28.8299      8.028  266.26409  266.44056    58.4082     9.0930     90.534 -9.990e-29
 132.429705      8.134    13.5204  34.840293    28.8342      8.061  266.24393  266.42048    61.4899     8.9879     90.649 0.0000e+00
 132.429708      8.170    13.5226  34.853385    28.8386      8.097  266.22377  266.40040    64.5716     8.8989     90.665 0.0000e+00
 132.429711      8.208    13.5279  34.858228    28.8386      8.135  266.19352  266.37045    64.6183     8.8989     90.787 0.0000e+00
 132.429714      8.245    13.5319  34.859603    28.8372      8.171  266.17489  266.35207    64.6183     8.8989     90.772 0.0000e+00
 132.429716      8.285    13.5342  34.856135    28.8372      8.211  266.17113  266.34849    64.6027     8.8989     90.756 0.0000e+00
 132.429719      8.323    13.5354  34.862473    28.8372      8.249  266.15558  266.33295    64.5716     8.8666     90.617 0.0000e+00
 132.429722      8.361    13.5366  34.865223    28.8387      8.287  266.14580  266.32323    59.2486     8.7048     90.607 0.0000e+00
