examples/sea-practical-2023.cnv
* Sea-Bird SBE19plus  Data File:
* FileName = E:\Prandtl_Daten\2023\CTD\raw_data\SBE19plus_01907321_2023_05_12_Cast38.hex
* Software version 2.6.1.12
* Temperature SN = 7321
* Conductivity SN = 7321
* System UpLoad Time = May 12 2023 10:24:17
* <ApplicationData>
* <Seaterm232>
** 20230512
** Messpraktikum 2023
** CTD 12.05 D1
** NMEA Latitude = 53 29.81 N
** NMEA Longitude = 008 10.89 E
# nquan = 12
# nvalues = 358                         
# units = specified
# name 0 = timeJ: Julian Days
# name 1 = prdM: Pressure, Strain Gauge [db]
# name 2 = tv290C: Temperature [ITS-90, deg C]
# name 3 = c0mS/cm: Conductivity [mS/cm]
# name 4 = sal00: Salinity, Practical [PSU]
# name 5 = depSM: Depth [salt water, m], lat = 54.00
# name 6 = oxsatMm/Kg: Oxygen Saturation, Weiss [umol/kg]
# name 7 = oxsolMm/Kg: Oxygen Saturation, Garcia & Gordon [umol/kg]
# name 8 = turbWETntu0: Turbidity, WET Labs ECO [NTU]
# name 9 = flECO-AFL: Fluorescence, WET Labs ECO-AFL/FL [mg/m^3]
# name 10 = sbeox0PS: Oxygen, SBE 43 [% saturation]
# name 11 = flag:  0.000e+00
# span 0 = 132.429031, 132.430064       
# span 1 =      0.257,     12.037       
# span 2 =    13.4195,    13.9001       
# span 3 =  34.489288,  35.016533       
# span 4 =    28.3696,    28.9744       
# span 5 =      0.255,     11.929       
# span 6 =  264.94583,  267.13975       
# span 7 =  265.14752,  267.31229       
# span 8 =    16.5871,    64.6183       
# span 9 =     5.6195,     9.4489       
# span 10 =     87.435,     91.804      
# span 11 = 0.0000e+00, 0.0000e+00      
# interval = seconds: 0.25
# start_time = May 12 2023 10:15:11 [Instrument's time stamp, header]
# bad_flag = -9.990e-29
*END*
 132.429031      0.257    13.7615  34.621538    28.4508      0.255  265.62471  265.81838    20.2914     5.6519     89.272 0.0000e+00
 132.429034      0.301    13.7610  34.620525    28.4505      0.298  265.62857  265.82221    20.2914     5.6398     89.224 0.0000e+00
 132.429036      0.343    13.7610  34.620704    28.4505      0.340  265.62857  265.82221    20.2603     5.6195     89.287 0.0000e+00
 132.429039      0.376    13.7612  34.622791    28.4513      0.372  265.62595  265.81959    20.2448     5.6296     89.277 0.0000e+00
 132.429042      0.403    13.7615  34.623626    28.4520      0.399  265.62299  265.81664    20.2292     5.6195     89.313 -9.990e-29
 132.429045      0.423    13.7641  34.623029    28.4502      0.419  265.61166  265.80548    20.6183     6.7558     89.373 -9.990e-29
 132.429048      0.452    13.7640  34.623029    28.4503      0.448  265.61228  265.80610    20.3848     6.7275     89.282 -9.990e-29
 132.429051      0.476    13.7632  34.622791    28.4509      0.472  265.61567  265.80943    20.4626     6.7275     89.271 -9.990e-29
 132.429054      0.511    13.7633  34.623030    28.4506      0.506  265.61558  265.80935    20.3614     6.7356     89.237 0.0000e+00
 132.429057      0.551    13.7634  34.622612    28.4503      0.546  265.61548  265.80926    20.3537     6.7437     89.183 0.0000e+00
 132.429060      0.602    13.7634  34.621360    28.4502      0.596  265.61548  265.80926    20.2914     6.7437     89.182 0.0000e+00
 132.429062      0.644    13.7629  34.622195    28.4502      0.638  265.61613  265.80982    20.3226     6.7396     89.191 0.0000e+00
 132.429065      0.689    13.7629  34.624998    28.4502      0.683  265.61613  265.80982    20.2914     6.7396     89.102 0.0000e+00
 132.429068      0.726    13.7632  34.621361    28.4525      0.719  265.61465  265.80848    19.9334     6.9903     89.118 0.0000e+00
 132.429071      0.759    13.7640  34.624939    28.4525      0.752  265.61232  265.80607    19.8245     6.9903     89.165 0.0000e+00
 132.429074      0.791    13.7636  34.627026    28.4532      0.784  265.60906  265.80282    19.8790     6.9843     89.181 0.0000e+00
 132.429077      0.819    13.7640  34.625893    28.4538      0.812  265.60580  265.79958    19.8245     6.9782     89.305 -9.990e-29
 132.429080      0.842    13.7652  34.624939    28.4515      0.835  265.60317  265.79704    20.4938     7.0753     89.308 -9.990e-29
 132.429083      0.868    13.7656  34.625535    28.4518      0.860  265.60091  265.79480    20.5093     7.0732     89.407 0.0000e+00
 132.429086      0.897    13.7659  34.626609    28.4515      0.889  265.60243  265.79641    20.4938     7.0712     89.457 0.0000e+00
 132.429089      0.926    13.7659  34.622554    28.4520      0.918  265.59865  265.79255    20.5093     7.0672     89.539 0.0000e+00
 132.429091      0.965    13.7666  34.632036    28.4578      0.956  265.59476  265.78854    20.5093     7.0672     89.506 0.0000e+00
 132.429094      1.005    13.7703  34.645634    28.4660      0.996  265.54855  265.74257    20.5249     6.9863     89.435 0.0000e+00
 132.429097      1.040    13.7864  34.667227    28.4660      1.030  265.44635  265.64118    20.5249     6.9539     89.295 0.0000e+00
 132.429100      1.085    13.8123  34.671818    28.4587      1.076  265.33220  265.52860    20.5249     6.9539     89.171 0.0000e+00
 132.429103      1.126    13.8262  34.652905    28.4291      1.116  265.31774  265.51521    20.4004     6.8933     89.188 0.0000e+00
 132.429106      1.166    13.8277  34.646284    28.4271      1.155  265.30626  265.50378    18.7506     6.5516     89.216 0.0000e+00
 132.429109      1.197    13.8262  34.642289    28.4252      1.186  265.31774  265.51521    16.8829     6.2099     89.318 -9.990e-29
 132.429112      1.222    13.8063  34.643543    28.4373      1.211  265.40396  265.60023    16.8517     6.2342     89.410 -9.990e-29
 132.429115      1.251    13.8008  34.651596    28.4487      1.240  265.41333  265.60919    16.8050     6.2140     89.379 -9.990e-29
 132.429117      1.275    13.8034  34.662811    28.4570      1.264  265.38391  265.57984    16.9918     6.1452     89.484 -9.990e-29
 132.429120      1.299    13.8396  34.683812    28.4666      1.287  265.16779  265.36563    16.9918     6.1129     89.558 -9.990e-29
 132.429123      1.330    13.8548  34.702907    28.4564      1.318  265.10354  265.30231    17.0385     6.1290     89.573 0.0000e+00
 132.429126      1.365    13.8700  34.705172    28.4462      1.352  265.03928  265.23898    16.9918     6.1452     89.610 0.0000e+00
 132.429129      1.406    13.8929  34.701588    28.4260      1.394  264.95154  265.15267    16.6338     6.4161     89.616 0.0000e+00
 132.429132      1.448    13.9001  34.692337    28.4104      1.435  264.94583  265.14752    16.5871     6.4202     89.657 0.0000e+00
 132.429135      1.494    13.9001  34.687145    28.4075      1.481  264.94583  265.14752    16.5871     6.4161     89.800 0.0000e+00
 132.429138      1.532    13.8907  34.637451    28.3696      1.518  265.06737  265.26890    16.5871     6.4202     89.869 0.0000e+00
 132.429141      1.576    13.8580  34.611157    28.3696      1.562  265.24570  265.44543    16.6183     6.4242     89.847 0.0000e+00
 132.429144      1.605    13.8157  34.623206    28.4117      1.591  265.39957  265.59659    19.2642     7.1763     89.879 0.0000e+00
 132.429146      1.641    13.8048  34.618021    28.4174      1.627  265.44885  265.64522    19.3186     7.1865     89.828 0.0000e+00
 132.429149      1.669    13.7939  34.588691    28.4231      1.654  265.49812  265.69384    19.2642     7.1966     89.825 -9.990e-29
 132.429152      1.694    13.7553  34.577250    28.4146      1.679  265.72583  265.91949    19.3420     7.2087     89.805 -9.990e-29
 132.429155      1.714    13.7134  34.575822    28.4318      1.699  265.92391  266.11509    20.9607     7.5322     89.730 -9.990e-29
 132.429158      1.740    13.7042  34.562177    28.4363      1.724  265.96621  266.15683    20.9763     7.5180     89.682 0.0000e+00
 132.429161      1.769    13.6950  34.557174    28.4392      1.754  266.00850  266.19856    20.9607     7.5079     89.545 0.0000e+00
 132.429164      1.802    13.6804  34.543412    28.4409      1.786  266.09200  266.28127    20.9918     7.5079     89.312 0.0000e+00
 132.429167      1.839    13.6653  34.534120    28.4419      1.822  266.17013  266.35853    20.9918     7.5079     89.141 0.0000e+00
 132.429170      1.882    13.6481  34.536743    28.4570      1.866  266.23669  266.42400    21.0385     7.5039     88.941 0.0000e+00
 132.429172      1.926    13.6387  34.538174    28.4640      1.909  266.27328  266.45998    20.9918     7.4998     88.832 0.0000e+00
 132.429175      1.967    13.6353  34.533945    28.4640      1.949  266.29476  266.48128    21.0385     7.4998     88.788 0.0000e+00
 132.429178      2.003    13.6302  34.518995    28.4620      1.985  266.34104  266.52737    22.9218     7.5241     88.793 0.0000e+00
 132.429181      2.034    13.6181  34.517924    28.4620      2.016  266.39281  266.57839    22.9373     7.5241     88.800 0.0000e+00
 132.429184      2.067    13.6081  34.510005    28.4620      2.049  266.44764  266.63266    23.0463     7.5120     88.837 0.0000e+00
 132.429187      2.100    13.5979  34.497560    28.4622      2.081  266.51104  266.69552    23.0463     7.5079     88.924 0.0000e+00
 132.429190      2.133    13.5840  34.500420    28.4688      2.114  266.56408  266.74766    23.0619     7.5120     88.894 0.0000e+00
 132.429193      2.162    13.5751  34.490417    28.4714      2.143  266.61789  266.80099    24.4938     7.5767     88.819 0.0000e+00
 132.429196      2.188    13.5645  34.490835    28.4771      2.168  266.66105  266.84348    24.4938     7.5848     88.751 0.0000e+00
 132.429198      2.224    13.5567  34.489288    28.4814      2.204  266.69597  266.87792    24.4938     7.5848     88.601 0.0000e+00
 132.429201      2.259    13.5511  34.490659    28.4869      2.238  266.71711  266.89869    24.5405     7.5848     88.541 0.0000e+00
 132.429204      2.290    13.5476  34.491493    28.4893      2.269  266.73003  266.91138    24.9140     7.5928     88.439 0.0000e+00
 132.429207      2.328    13.5462  34.489409    28.4902      2.307  266.73937  266.92065    24.9140     7.5928     88.353 0.0000e+00
 132.429210      2.364    13.5434  34.490362    28.4922      2.343  266.74934  266.93045    24.9140     7.5807     88.301 0.0000e+00
 132.429213      2.404    13.5407  34.490422    28.4944      2.383  266.76084  266.94176    24.9451     7.5807     88.267 0.0000e+00
 132.429216      2.444    13.5373  34.493340    28.4995      2.423  266.76991  266.95049    25.1008     7.7222     88.246 0.0000e+00
 132.429219      2.481    13.5357  34.498164    28.5054      2.459  266.76991  266.95049    25.1786     7.7222     88.142 0.0000e+00
 132.429222      2.517    13.5353  34.501498    28.5081      2.495  266.76251  266.94303    25.1786     7.7222     88.023 0.0000e+00
 132.429225      2.546    13.5348  34.504178    28.5113      2.524  266.76251  266.94303    25.2408     7.7344     87.869 0.0000e+00
 132.429227      2.577    13.5317  34.506084    28.5153      2.554  266.77151  266.95173    26.7039     7.8759     87.816 0.0000e+00
 132.429230      2.610    13.5299  34.512278    28.5196      2.587  266.77402  266.95410    26.8129     7.8860     87.719 0.0000e+00
 132.429233      2.638    13.5280  34.514422    28.5238      2.614  266.77653  266.95646    26.7039     7.8961     87.672 -9.990e-29
 132.429236      2.663    13.5250  34.517103    28.5336      2.639  266.77450  266.95417    26.7973     7.8719     87.645 -9.990e-29
 132.429239      2.689    13.5228  34.520677    28.5378      2.665  266.77888  266.95839    26.8128     8.0094     87.573 0.0000e+00
 132.429242      2.723    13.5206  34.526276    28.5420      2.699  266.78326  266.96261    26.8284     8.1468     87.657 0.0000e+00
 132.429245      2.754    13.5142  34.532770    28.5528      2.730  266.79902  266.97789    26.9373     8.1468     87.652 0.0000e+00
 132.429248      2.793    13.5083  34.536107    28.5602      2.768  266.81770  266.99617    26.9373     8.1509     87.678 0.0000e+00
 132.429251      2.837    13.5034  34.535512    28.5633      2.811  266.83910  267.01727    26.9373     8.1509     87.709 0.0000e+00
 132.429253      2.879    13.5005  34.537240    28.5670      2.853  266.84836  267.02632    28.2292     8.3328     87.793 0.0000e+00
 132.429256      2.915    13.4992  34.538193    28.5689      2.889  266.84972  267.02758    28.2292     8.3530     87.820 0.0000e+00
 132.429259      2.953    13.4992  34.539683    28.5702      2.927  266.84972  267.02758    28.1980     8.3450     87.810 0.0000e+00
 132.429262      2.986    13.4992  34.540279    28.5706      2.959  266.84876  267.02658    28.1980     8.3611     87.925 0.0000e+00
 132.429265      3.021    13.4988  34.541172    28.5719      2.994  266.84876  267.02658    29.3498     8.4137     87.918 0.0000e+00
 132.429268      3.050    13.4969  34.541113    28.5732      3.023  266.85678  267.03448    29.3654     8.4137     88.021 0.0000e+00
 132.429271      3.079    13.4952  34.539684    28.5732      3.052  266.86652  267.04413    29.3965     8.4137     87.999 0.0000e+00
 132.429274      3.108    13.4938  34.539446    28.5740      3.081  266.87242  267.04994    29.3965     8.4218     87.972 0.0000e+00
 132.429277      3.134    13.4927  34.540280    28.5756      3.106  266.87588  267.05332    30.1747     8.8181     88.060 0.0000e+00
 132.429280      3.163    13.4908  34.541770    28.5783      3.135  266.88096  267.05827    30.1747     8.8342     88.048 0.0000e+00
 132.429282      3.200    13.4873  34.542783    28.5819      3.171  266.89385  267.07093    29.9879     8.8342     88.017 0.0000e+00
 132.429285      3.238    13.4851  34.542604    28.5833      3.209  266.90330  267.08024    29.9879     8.8181     87.988 0.0000e+00
 132.429288      3.273    13.4846  34.543141    28.5842      3.244  266.90454  267.08144    29.9879     8.7938     87.929 0.0000e+00
 132.429291      3.318    13.4838  34.544035    28.5856      3.289  266.90639  267.08323    29.8790     8.5027     87.894 0.0000e+00
 132.429294      3.356    13.4828  34.545107    28.5873      3.326  266.90884  267.08561    29.7856     8.4824     87.894 0.0000e+00
 132.429297      3.389    13.4821  34.545286    28.5880      3.359  266.91129  267.08802    29.7545     8.4946     87.875 0.0000e+00
 132.429300      3.427    13.4817  34.545763    28.5886      3.397  266.91233  267.08902    29.7545     8.4946     87.830 0.0000e+00
 132.429303      3.458    13.4817  34.545525    28.5887      3.427  266.91269  267.08938    30.0269     8.6179     87.891 0.0000e+00
 132.429306      3.491    13.4816  34.545108    28.5886      3.460  266.91306  267.08975    30.3148     8.7412     87.859 -9.990e-29
 132.429308      3.515    13.4824  34.545287    28.5877      3.484  266.91016  267.08690    30.3148     8.7655     87.739 -9.990e-29
 132.429311      3.544    13.4830  34.544929    28.5869      3.512  266.90836  267.08514    30.2681     8.7493     87.675 -9.990e-29
 132.429314      3.568    13.4840  34.546121    28.5862      3.536  266.90454  267.08139    30.7194     8.9879     87.492 -9.990e-29
 132.429317      3.599    13.4831  34.544870    28.5864      3.567  266.90906  267.08586    30.6105     9.0021     87.465 0.0000e+00
 132.429320      3.632    13.4822  34.543857    28.5865      3.599  266.91358  267.09032    30.5015     9.0000     87.435 0.0000e+00
 132.429323      3.673    13.4793  34.545585    28.5903      3.641  266.92282  267.09936    30.5015     9.0000     87.492 0.0000e+00
 132.429326      3.715    13.4773  34.545288    28.5915      3.682  266.93156  267.10798    30.4082     8.6523     87.593 0.0000e+00
 132.429329      3.755    13.4756  34.546122    28.5935      3.722  266.93715  267.11346    30.1436     8.6321     87.694 0.0000e+00
 132.429332      3.793    13.4744  34.545527    28.5938      3.760  266.94305  267.11929    30.1903     8.6240     87.824 0.0000e+00
 132.429334      3.834    13.4733  34.545587    28.5941      3.800  266.94754  267.12370    30.1903     8.6199     87.850 0.0000e+00
 132.429337      3.872    13.4725  34.544276    28.5943      3.837  266.95344  267.12956    30.3148     8.6199     87.874 0.0000e+00
 132.429340      3.903    13.4719  34.544038    28.5943      3.868  266.95601  267.13206    30.4237     8.6442     87.916 0.0000e+00
 132.429343      3.934    13.4715  34.545111    28.5956      3.899  266.95601  267.13206    30.5327     8.6927     87.943 0.0000e+00
 132.429346      3.960    13.4712  34.546660    28.5974      3.925  266.95552  267.13152    30.4237     8.6846     87.953 0.0000e+00
 132.429349      3.987    13.4710  34.548030    28.5984      3.952  266.95454  267.13052    30.5327     8.7008     87.950 0.0000e+00
 132.429352      4.017    13.4708  34.547792    28.5985      3.981  266.95454  267.13052    31.4821     9.0122     87.996 0.0000e+00
 132.429355      4.044    13.4698  34.548448    28.5999      4.008  266.95769  267.13360    31.5288     9.0122     88.060 0.0000e+00
 132.429358      4.077    13.4670  34.551487    28.6048      4.040  266.96409  267.13979    31.5443     8.9960     88.118 0.0000e+00
 132.429361      4.111    13.4642  34.550295    28.6057      4.075  266.97768  267.15322    31.5755     8.9555     88.017 0.0000e+00
 132.429363      4.153    13.4623  34.551130    28.6079      4.116  266.97964  267.15494    32.6650     8.6887     87.994 0.0000e+00
 132.429366      4.195    13.4613  34.556135    28.6132      4.158  266.97964  267.15494    32.6961     8.6846     87.857 0.0000e+00
 132.429369      4.235    13.4605  34.558698    28.6161      4.197  266.97864  267.15387    32.6961     8.6846     87.659 0.0000e+00
 132.429372      4.270    13.4605  34.560783    28.6180      4.232  266.97511  267.15032    32.7428     8.6846     87.586 0.0000e+00
 132.429375      4.306    13.4615  34.562869    28.6182      4.268  266.96764  267.14289    33.5521     8.6240     87.495 0.0000e+00
