examples/moor/raw/msm76_2018/sbe16/DSE18_sbe16_2419.cnv
* Sea-Bird SBE16 Data File:
* FileName = C:\Users\mmonsees\Desktop\MSM76\Moorings\Recoveries\SBE16\DS-E-18\2419_DS-E-18.hex
* Software Version 1.59
* Temperature SN = 2419
* Conductivity SN = 2419
* System UpLoad Time = Aug 26 2018 13:17:25
** recovery DS-E-18
* ds
# nquan = 7
# nvalues = 51670                                 
# units = specified
# name 0 = scan: Scan Count
# name 1 = prSM: Pressure, Strain Gauge [db]
# name 2 = t090C: Temperature [ITS-90, deg C]
# name 3 = c0mS/cm: Conductivity [mS/cm]
# name 4 = sal00: Salinity, Practical [PSU]
# name 5 = timeS: Time, Elapsed [seconds]
# name 6 = flag:  0.000e+00
# span 0 =          1,      51670                 
# span 1 =      0.531,   1439.507                 
# span 2 =     0.0792,    44.6708                 
# span 3 =  -0.000210,  40.794559                 
# span 4 =     0.0000,    35.6352                 
# span 5 =      0.000, 1033380.00                 
# span 6 = 0.0000e+00, 0.0000e+00                 
# interval = seconds: 20
# start_time = Aug 12 2018 12:00:01 [Instrument's time stamp, header]
# bad_flag = -9.990e-29
*END*
[from data line 20513]
      20514    667.463     5.1201  33.847864    34.9796 410260.000  0.000e+00
      20515    667.463     5.1080  33.837180    34.9799 410280.000  0.000e+00
      20516    667.463     5.1108  33.833940    34.9732 410300.000  0.000e+00
      20517    667.463     5.1173  33.835007    34.9677 410320.000  0.000e+00
      20518    667.463     5.1201  33.839315    34.9698 410340.000  0.000e+00
      20519    667.463     5.1117  33.838248    34.9773 410360.000  0.000e+00
      20520    667.463     5.1127  33.838248    34.9763 410380.000  0.000e+00
      20521    667.463     5.1089  33.830735    34.9715 410400.000  0.000e+00
      20522    667.463     5.1127  33.833940    34.9713 410420.000  0.000e+00
      20523    667.463     5.1257  33.841452    34.9664 410440.000  0.000e+00
      20524    667.463     5.1341  33.848931    34.9663 410460.000  0.000e+00
      20525    667.463     5.1462  33.857479    34.9634 410480.000  0.000e+00
      20526    667.463     5.1471  33.863891    34.9698 410500.000  0.000e+00
      20527    667.463     5.1528  33.866028    34.9665 410520.000  0.000e+00
      20528    667.463     5.1471  33.869236    34.9760 410540.000  0.000e+00
      20529    667.463     5.1369  33.863892    34.9805 410560.000  0.000e+00
      20530    667.463     5.1313  33.858549    34.9802 410580.000  0.000e+00
      20531    667.463     5.1332  33.855343    34.9746 410600.000  0.000e+00
      20532    667.463     5.1332  33.855343    34.9746 410620.000  0.000e+00
      20533    667.463     5.1462  33.861754    34.9683 410640.000  0.000e+00
      20534    667.463     5.1574  33.872441    34.9690 410660.000  0.000e+00
      20535    667.463     5.1667  33.883131    34.9715 410680.000  0.000e+00
      20536    667.463     5.1742  33.891683    34.9736 410700.000  0.000e+00
      20537    668.048     5.1723  33.892754    34.9765 410720.000  0.000e+00
      20538    667.463     5.1770  33.894890    34.9744 410740.000  0.000e+00
      20539    667.463     5.1788  33.897029    34.9749 410760.000  0.000e+00
      20540    667.463     5.1770  33.898098    34.9781 410780.000  0.000e+00
      20541    667.463     5.1761  33.897029    34.9778 410800.000  0.000e+00
      20542    667.463     5.1705  33.893822    34.9799 410820.000  0.000e+00
      20543    667.463     5.1714  33.892752    34.9778 410840.000  0.000e+00
      20544    667.463     5.1714  33.893822    34.9790 410860.000  0.000e+00
      20545    667.463     5.1723  33.891683    34.9755 410880.000  0.000e+00
      20546    667.463     5.1742  33.893821    34.9760 410900.000  0.000e+00
      20547    667.463     5.1742  33.894891    34.9773 410920.000  0.000e+00
      20548    667.463     5.1732  33.894891    34.9783 410940.000  0.000e+00
      20549    667.463     5.1695  33.892753    34.9797 410960.000  0.000e+00
      20550    667.463     5.1686  33.890614    34.9782 410980.000  0.000e+00
      20551    668.048     5.1686  33.889547    34.9767 411000.000  0.000e+00
      20552    667.463     5.1462  33.882064    34.9916 411020.000  0.000e+00
      20553    667.463     5.1415  33.871374    34.9843 411040.000  0.000e+00
      20554    668.048     5.1462  33.866031    34.9729 411060.000  0.000e+00
      20555    668.048     5.1397  33.868169    34.9822 411080.000  0.000e+00
      20556    668.048     5.1462  33.868169    34.9754 411100.000  0.000e+00
      20557    668.048     5.1499  33.870306    34.9740 411120.000  0.000e+00
      20558    667.463     5.1490  33.873511    34.9789 411140.000  0.000e+00
      20559    668.048     5.1565  33.876719    34.9745 411160.000  0.000e+00
      20560    667.463     5.1584  33.878855    34.9753 411180.000  0.000e+00
      20561    668.048     5.1602  33.880995    34.9756 411200.000  0.000e+00
      20562    667.463     5.1593  33.880993    34.9769 411220.000  0.000e+00
      20563    668.048     5.1602  33.882064    34.9768 411240.000  0.000e+00
      20564    668.048     5.1593  33.882064    34.9778 411260.000  0.000e+00
      20565    667.463     5.1611  33.880993    34.9749 411280.000  0.000e+00
      20566    667.463     5.1611  33.882062    34.9761 411300.000  0.000e+00
      20567    667.463     5.1565  33.880993    34.9797 411320.000  0.000e+00
      20568    667.463     5.1574  33.879924    34.9776 411340.000  0.000e+00
      20569    667.463     5.1640  33.880993    34.9720 411360.000  0.000e+00
      20570    667.463     5.1695  33.886338    34.9723 411380.000  0.000e+00
      20571    667.463     5.1751  33.891683    34.9727 411400.000  0.000e+00
      20572    668.048     5.1817  33.897030    34.9717 411420.000  0.000e+00
      20573    668.048     5.1919  33.904515    34.9696 411440.000  0.000e+00
      20574    668.048     5.1947  33.910931    34.9741 411460.000  0.000e+00
      20575    668.048     5.1966  33.915174    34.9770 411480.000  0.000e+00
      20576    668.048     5.1994  33.916244    34.9753 411500.000  0.000e+00
      20577    667.463     5.2013  33.918381    34.9761 411520.000  0.000e+00
      20578    668.048     5.1994  33.919452    34.9790 411540.000  0.000e+00
      20579    668.048     5.2003  33.918383    34.9768 411560.000  0.000e+00
      20580    668.048     5.1975  33.916244    34.9772 411580.000  0.000e+00
      20581    668.048     5.1947  33.914105    34.9777 411600.000  0.000e+00
      20582    668.048     5.1909  33.909862    34.9767 411620.000  0.000e+00
      20583    668.048     5.1909  33.908792    34.9755 411640.000  0.000e+00
      20584    668.048     5.1919  33.906653    34.9721 411660.000  0.000e+00
      20585    668.048     5.1928  33.908792    34.9736 411680.000  0.000e+00
      20586    667.463     5.1938  33.908790    34.9729 411700.000  0.000e+00
      20587    668.048     5.1947  33.908792    34.9716 411720.000  0.000e+00
      20588    667.463     5.1957  33.909859    34.9721 411740.000  0.000e+00
      20589    668.048     5.1957  33.910931    34.9731 411760.000  0.000e+00
      20590    668.048     5.1966  33.909861    34.9709 411780.000  0.000e+00
      20591    668.048     5.2003  33.914104    34.9719 411800.000  0.000e+00
      20592    668.048     5.2031  33.916243    34.9715 411820.000  0.000e+00
      20593    668.048     5.2022  33.917313    34.9736 411840.000  0.000e+00
      20594    668.048     5.2040  33.919452    34.9741 411860.000  0.000e+00
      20595    668.048     5.2049  33.918382    34.9720 411880.000  0.000e+00
      20596    668.048     5.2115  33.922660    34.9701 411900.000  0.000e+00
      20597    668.048     5.2115  33.925869    34.9737 411920.000  0.000e+00
      20598    668.048     5.2134  33.928008    34.9743 411940.000  0.000e+00
      20599    668.048     5.2143  33.928008    34.9733 411960.000  0.000e+00
      20600    667.463     5.2134  33.929076    34.9758 411980.000  0.000e+00
      20601    668.048     5.2134  33.929078    34.9755 412000.000  0.000e+00
      20602    667.463     5.2161  33.930146    34.9741 412020.000  0.000e+00
      20603    668.048     5.2171  33.932287    34.9753 412040.000  0.000e+00
      20604    667.463     5.2143  33.930146    34.9761 412060.000  0.000e+00
      20605    667.463     5.2143  33.930146    34.9761 412080.000  0.000e+00
      20606    667.463     5.2152  33.930146    34.9751 412100.000  0.000e+00
      20607    668.048     5.2124  33.931218    34.9789 412120.000  0.000e+00
      20608    667.463     5.2087  33.929077    34.9807 412140.000  0.000e+00
      20609    667.463     5.2022  33.921589    34.9788 412160.000  0.000e+00
      20610    667.463     5.1984  33.917311    34.9778 412180.000  0.000e+00
      20611    668.048     5.1975  33.917313    34.9785 412200.000  0.000e+00
      20612    668.048     5.1984  33.916244    34.9763 412220.000  0.000e+00
      20613    668.048     5.1957  33.916244    34.9792 412240.000  0.000e+00
      20614    667.463     5.1957  33.913068    34.9758 412260.000  0.000e+00
      20615    667.463     5.1909  33.909860    34.9770 412280.000  0.000e+00
      20616    668.048     5.1919  33.908792    34.9745 412300.000  0.000e+00
      20617    667.463     5.1928  33.909860    34.9751 412320.000  0.000e+00
      20618    668.048     5.1872  33.909862    34.9806 412340.000  0.000e+00
      20619    668.048     5.1853  33.905585    34.9777 412360.000  0.000e+00
      20620    668.048     5.1853  33.903446    34.9752 412380.000  0.000e+00
      20621    667.463     5.1882  33.903444    34.9726 412400.000  0.000e+00
      20622    668.048     5.1900  33.905584    34.9728 412420.000  0.000e+00
      20623    667.463     5.1900  33.906652    34.9743 412440.000  0.000e+00
      20624    667.463     5.1928  33.906651    34.9714 412460.000  0.000e+00
      20625    668.048     5.1947  33.909861    34.9729 412480.000  0.000e+00
      20626    667.463     5.1947  33.910929    34.9744 412500.000  0.000e+00
      20627    668.048     5.1957  33.912000    34.9743 412520.000  0.000e+00
      20628    667.463     5.1966  33.911998    34.9737 412540.000  0.000e+00
      20629    667.463     5.1938  33.913068    34.9778 412560.000  0.000e+00
      20630    668.048     5.1928  33.909862    34.9748 412580.000  0.000e+00
      20631    667.463     5.1984  33.911998    34.9717 412600.000  0.000e+00
      20632    667.463     5.1994  33.915172    34.9744 412620.000  0.000e+00
      20633    667.463     5.2022  33.915172    34.9715 412640.000  0.000e+00
      20634    667.463     5.1947  33.914103    34.9780 412660.000  0.000e+00
      20635    668.048     5.2040  33.916243    34.9705 412680.000  0.000e+00
      20636    668.048     5.1882  33.913071    34.9833 412700.000  0.000e+00
      20637    667.463     5.1957  33.910929    34.9734 412720.000  0.000e+00
      20638    668.048     5.1928  33.910931    34.9760 412740.000  0.000e+00
      20639    668.048     5.1909  33.910931    34.9780 412760.000  0.000e+00
      20640    668.048     5.2087  33.915173    34.9644 412780.000  0.000e+00
      20641    667.463     5.2124  33.921588    34.9682 412800.000  0.000e+00
      20642    668.048     5.1909  33.918384    34.9865 412820.000  0.000e+00
      20643    668.048     5.2059  33.916243    34.9685 412840.000  0.000e+00
      20644    668.048     5.2096  33.921590    34.9708 412860.000  0.000e+00
      20645    668.048     5.2115  33.925869    34.9737 412880.000  0.000e+00
      20646    668.048     5.2124  33.929078    34.9765 412900.000  0.000e+00
      20647    668.048     5.2143  33.928008    34.9733 412920.000  0.000e+00
      20648    668.048     5.2124  33.930148    34.9777 412940.000  0.000e+00
      20649    668.048     5.2143  33.929078    34.9745 412960.000  0.000e+00
      20650    668.048     5.2161  33.930147    34.9738 412980.000  0.000e+00
      20651    668.048     5.2217  33.932286    34.9705 413000.000  0.000e+00
      20652    667.463     5.2152  33.935495    34.9812 413020.000  0.000e+00
      20653    668.048     5.2161  33.932287    34.9763 413040.000  0.000e+00
      20654    668.048     5.2171  33.932287    34.9753 413060.000  0.000e+00
      20655    668.048     5.2152  33.932287    34.9772 413080.000  0.000e+00
      20656    668.048     5.2190  33.931217    34.9721 413100.000  0.000e+00
      20657    667.463     5.2152  33.934425    34.9800 413120.000  0.000e+00
      20658    668.048     5.2255  33.933356    34.9678 413140.000  0.000e+00
      20659    667.463     5.2180  33.935494    34.9783 413160.000  0.000e+00
      20660    667.463     5.2171  33.934425    34.9780 413180.000  0.000e+00
      20661    668.048     5.2096  33.931218    34.9818 413200.000  0.000e+00
      20662    667.463     5.2115  33.926937    34.9753 413220.000  0.000e+00
      20663    668.048     5.2124  33.924799    34.9716 413240.000  0.000e+00
      20664    667.463     5.2134  33.926937    34.9733 413260.000  0.000e+00
      20665    668.048     5.2143  33.930148    34.9758 413280.000  0.000e+00
      20666    667.463     5.2152  33.930146    34.9751 413300.000  0.000e+00
      20667    668.048     5.2199  33.932287    34.9724 413320.000  0.000e+00
      20668    667.463     5.2208  33.934424    34.9742 413340.000  0.000e+00
      20669    667.463     5.2190  33.934424    34.9761 413360.000  0.000e+00
      20670    667.463     5.2199  33.934424    34.9752 413380.000  0.000e+00
      20671    667.463     5.2134  33.931216    34.9782 413400.000  0.000e+00
      20672    667.463     5.2161  33.930146    34.9741 413420.000  0.000e+00
      20673    667.463     5.2124  33.930146    34.9780 413440.000  0.000e+00
      20674    667.463     5.2115  33.928007    34.9765 413460.000  0.000e+00
      20675    667.463     5.2134  33.928006    34.9746 413480.000  0.000e+00
      20676    667.463     5.2124  33.928006    34.9756 413500.000  0.000e+00
      20677    667.463     5.2115  33.926937    34.9753 413520.000  0.000e+00
      20678    667.463     5.2124  33.926937    34.9743 413540.000  0.000e+00
      20679    667.463     5.2105  33.926937    34.9763 413560.000  0.000e+00
      20680    667.463     5.2124  33.928006    34.9756 413580.000  0.000e+00
      20681    667.463     5.2115  33.925867    34.9740 413600.000  0.000e+00
      20682    667.463     5.2143  33.926936    34.9724 413620.000  0.000e+00
      20683    667.463     5.2115  33.928007    34.9765 413640.000  0.000e+00
      20684    667.463     5.2134  33.926937    34.9733 413660.000  0.000e+00
      20685    667.463     5.2190  33.929075    34.9700 413680.000  0.000e+00
      20686    667.463     5.2199  33.932285    34.9727 413700.000  0.000e+00
      20687    667.463     5.2208  33.934424    34.9742 413720.000  0.000e+00
      20688    667.463     5.2226  33.937634    34.9760 413740.000  0.000e+00
      20689    667.463     5.2282  33.940843    34.9738 413760.000  0.000e+00
      20690    667.463     5.2320  33.942982    34.9724 413780.000  0.000e+00
      20691    667.463     5.2320  33.944052    34.9736 413800.000  0.000e+00
      20692    667.463     5.2357  33.945122    34.9710 413820.000  0.000e+00
      20693    667.463     5.2357  33.947262    34.9734 413840.000  0.000e+00
      20694    667.463     5.2432  33.950471    34.9693 413860.000  0.000e+00
      20695    667.463     5.2506  33.955820    34.9677 413880.000  0.000e+00
      20696    667.463     5.2571  33.964347    34.9707 413900.000  0.000e+00
      20697    667.463     5.2544  33.965417    34.9748 413920.000  0.000e+00
      20698    667.463     5.2608  33.968627    34.9718 413940.000  0.000e+00
      20699    667.463     5.2599  33.968627    34.9728 413960.000  0.000e+00
      20700    667.463     5.2617  33.971838    34.9745 413980.000  0.000e+00
      20701    667.463     5.2636  33.972908    34.9738 414000.000  0.000e+00
      20702    667.463     5.2590  33.973979    34.9798 414020.000  0.000e+00
      20703    667.463     5.2617  33.970768    34.9733 414040.000  0.000e+00
      20704    667.463     5.2646  33.971838    34.9716 414060.000  0.000e+00
      20705    667.463     5.2590  33.971839    34.9774 414080.000  0.000e+00
      20706    667.463     5.2590  33.969698    34.9749 414100.000  0.000e+00
      20707    667.463     5.2599  33.970768    34.9752 414120.000  0.000e+00
      20708    667.463     5.2599  33.970768    34.9752 414140.000  0.000e+00
      20709    667.463     5.2562  33.970769    34.9791 414160.000  0.000e+00
      20710    667.463     5.2562  33.968628    34.9766 414180.000  0.000e+00
      20711    667.463     5.2590  33.969698    34.9749 414200.000  0.000e+00
      20712    667.463     5.2571  33.970768    34.9781 414220.000  0.000e+00
      20713    667.463     5.2580  33.968628    34.9747 414240.000  0.000e+00
      20714    667.463     5.2515  33.967558    34.9802 414260.000  0.000e+00
      20715    667.463     5.2497  33.963277    34.9773 414280.000  0.000e+00
      20716    667.463     5.2469  33.961137    34.9777 414300.000  0.000e+00
      20717    667.463     5.2403  33.957927    34.9808 414320.000  0.000e+00
