examples/moor/raw/msm76_2018/sbe16/DSE18_sbe16_2419.cnv
* Sea-Bird SBE16 Data File:
* FileName = C:\Users\mmonsees\Desktop\MSM76\Moorings\Recoveries\SBE16\DS-E-18\2419_DS-E-18.hex
* Software Version 1.59
* Temperature SN = 2419
* Conductivity SN = 2419
* System UpLoad Time = Aug 26 2018 13:17:25
** recovery DS-E-18
* ds
# nquan = 7
# nvalues = 51670                                 
# units = specified
# name 0 = scan: Scan Count
# name 1 = prSM: Pressure, Strain Gauge [db]
# name 2 = t090C: Temperature [ITS-90, deg C]
# name 3 = c0mS/cm: Conductivity [mS/cm]
# name 4 = sal00: Salinity, Practical [PSU]
# name 5 = timeS: Time, Elapsed [seconds]
# name 6 = flag:  0.000e+00
# span 0 =          1,      51670                 
# span 1 =      0.531,   1439.507                 
# span 2 =     0.0792,    44.6708                 
# span 3 =  -0.000210,  40.794559                 
# span 4 =     0.0000,    35.6352                 
# span 5 =      0.000, 1033380.00                 
# span 6 = 0.0000e+00, 0.0000e+00                 
# interval = seconds: 20
# start_time = Aug 12 2018 12:00:01 [Instrument's time stamp, header]
# bad_flag = -9.990e-29
*END*
[from data line 18257]
      18258    670.388     5.2450  33.962217    34.9794 365140.000  0.000e+00
      18259    670.388     5.2432  33.960077    34.9789 365160.000  0.000e+00
      18260    670.388     5.2450  33.964358    34.9818 365180.000  0.000e+00
      18261    670.388     5.2450  33.962217    34.9794 365200.000  0.000e+00
      18262    670.388     5.2478  33.962217    34.9765 365220.000  0.000e+00
      18263    670.388     5.2478  33.963287    34.9777 365240.000  0.000e+00
      18264    670.388     5.2450  33.962217    34.9794 365260.000  0.000e+00
      18265    670.388     5.2553  33.966497    34.9737 365280.000  0.000e+00
      18266    670.388     5.2525  33.968638    34.9790 365300.000  0.000e+00
      18267    670.388     5.2506  33.966497    34.9785 365320.000  0.000e+00
      18268    670.388     5.2506  33.966497    34.9785 365340.000  0.000e+00
      18269    670.388     5.2664  33.978270    34.9755 365360.000  0.000e+00
      18270    670.388     5.2580  33.973989    34.9794 365380.000  0.000e+00
      18271    670.388     5.2525  33.968638    34.9790 365400.000  0.000e+00
      18272    670.388     5.2544  33.972919    34.9819 365420.000  0.000e+00
      18273    670.388     5.2506  33.967568    34.9797 365440.000  0.000e+00
      18274    670.388     5.2562  33.968637    34.9752 365460.000  0.000e+00
      18275    670.973     5.2664  33.973990    34.9703 365480.000  0.000e+00
      18276    670.388     5.2655  33.979340    34.9777 365500.000  0.000e+00
      18277    670.388     5.2599  33.976130    34.9799 365520.000  0.000e+00
      18278    670.388     5.2580  33.971848    34.9769 365540.000  0.000e+00
      18279    670.388     5.2562  33.970778    34.9776 365560.000  0.000e+00
      18280    670.973     5.2664  33.977201    34.9740 365580.000  0.000e+00
      18281    670.388     5.2692  33.981481    34.9763 365600.000  0.000e+00
      18282    670.388     5.2720  33.987869    34.9807 365620.000  0.000e+00
      18283    670.388     5.2590  33.973989    34.9784 365640.000  0.000e+00
      18284    670.388     5.2646  33.973988    34.9725 365660.000  0.000e+00
      18285    670.388     5.2664  33.978270    34.9755 365680.000  0.000e+00
      18286    670.388     5.2664  33.979340    34.9767 365700.000  0.000e+00
      18287    670.388     5.2664  33.979340    34.9767 365720.000  0.000e+00
      18288    670.388     5.2636  33.978270    34.9785 365740.000  0.000e+00
      18289    670.388     5.2850  33.991080    34.9709 365760.000  0.000e+00
      18290    670.388     5.2664  33.985729    34.9841 365780.000  0.000e+00
      18291    670.973     5.2673  33.983624    34.9804 365800.000  0.000e+00
      18292    670.973     5.2767  33.991082    34.9793 365820.000  0.000e+00
      18293    670.388     5.2879  33.996433    34.9741 365840.000  0.000e+00
      18294    670.388     5.2850  33.999645    34.9807 365860.000  0.000e+00
      18295    670.973     5.2702  33.986801    34.9811 365880.000  0.000e+00
      18296    670.973     5.2776  33.988941    34.9759 365900.000  0.000e+00
      18297    670.388     5.2794  33.992151    34.9779 365920.000  0.000e+00
      18298    670.973     5.2823  33.994294    34.9771 365940.000  0.000e+00
      18299    670.973     5.2832  33.994294    34.9762 365960.000  0.000e+00
      18300    670.973     5.2794  33.993223    34.9788 365980.000  0.000e+00
      18301    670.973     5.2841  33.995364    34.9764 366000.000  0.000e+00
      18302    670.973     5.2823  33.994294    34.9771 366020.000  0.000e+00
      18303    670.973     5.2906  34.002859    34.9783 366040.000  0.000e+00
      18304    670.973     5.2915  34.007107    34.9822 366060.000  0.000e+00
      18305    670.973     5.2906  34.006071    34.9819 366080.000  0.000e+00
      18306    670.973     5.2888  34.002859    34.9802 366100.000  0.000e+00
      18307    670.973     5.2869  33.999647    34.9785 366120.000  0.000e+00
      18308    670.973     5.2832  33.997506    34.9799 366140.000  0.000e+00
      18309    670.973     5.2823  33.994294    34.9771 366160.000  0.000e+00
      18310    670.973     5.2804  33.992153    34.9766 366180.000  0.000e+00
      18311    670.973     5.2804  33.992153    34.9766 366200.000  0.000e+00
      18312    670.973     5.2720  33.988942    34.9816 366220.000  0.000e+00
      18313    670.973     5.2636  33.980413    34.9806 366240.000  0.000e+00
      18314    670.973     5.2617  33.977202    34.9789 366260.000  0.000e+00
      18315    670.973     5.2627  33.977202    34.9779 366280.000  0.000e+00
      18316    670.973     5.2617  33.977202    34.9789 366300.000  0.000e+00
      18317    670.973     5.2655  33.978272    34.9762 366320.000  0.000e+00
      18318    670.973     5.2673  33.980412    34.9767 366340.000  0.000e+00
      18319    670.973     5.2702  33.982553    34.9762 366360.000  0.000e+00
      18320    670.973     5.2776  33.986800    34.9734 366380.000  0.000e+00
      18321    670.973     5.2850  33.994293    34.9743 366400.000  0.000e+00
      18322    670.973     5.2860  33.996435    34.9757 366420.000  0.000e+00
      18323    670.973     5.2860  33.998576    34.9782 366440.000  0.000e+00
      18324    670.973     5.2888  34.000717    34.9777 366460.000  0.000e+00
      18325    670.973     5.2888  34.000717    34.9777 366480.000  0.000e+00
      18326    670.973     5.2906  34.002859    34.9783 366500.000  0.000e+00
      18327    670.973     5.2897  34.003930    34.9804 366520.000  0.000e+00
      18328    670.973     5.2934  34.005000    34.9778 366540.000  0.000e+00
      18329    670.973     5.2934  34.005000    34.9778 366560.000  0.000e+00
      18330    670.973     5.2934  34.006071    34.9791 366580.000  0.000e+00
      18331    670.973     5.2971  34.008178    34.9776 366600.000  0.000e+00
      18332    670.973     5.2962  34.008178    34.9785 366620.000  0.000e+00
      18333    670.973     5.2971  34.009248    34.9788 366640.000  0.000e+00
      18334    671.558     5.2999  34.011392    34.9780 366660.000  0.000e+00
      18335    670.973     5.2990  34.011390    34.9793 366680.000  0.000e+00
      18336    671.558     5.2971  34.013534    34.9834 366700.000  0.000e+00
      18337    670.973     5.3008  34.013532    34.9799 366720.000  0.000e+00
      18338    670.973     5.2999  34.011390    34.9783 366740.000  0.000e+00
      18339    670.973     5.3008  34.012461    34.9786 366760.000  0.000e+00
      18340    670.973     5.2953  34.008178    34.9795 366780.000  0.000e+00
      18341    671.558     5.2962  34.008180    34.9782 366800.000  0.000e+00
      18342    670.973     5.2971  34.009248    34.9788 366820.000  0.000e+00
      18343    670.973     5.3027  34.013531    34.9779 366840.000  0.000e+00
      18344    670.973     5.3111  34.018885    34.9754 366860.000  0.000e+00
      18345    670.973     5.3241  34.029560    34.9740 366880.000  0.000e+00
      18346    670.973     5.3269  34.034916    34.9773 366900.000  0.000e+00
      18347    670.973     5.3269  34.035987    34.9785 366920.000  0.000e+00
      18348    670.973     5.3287  34.038130    34.9790 366940.000  0.000e+00
      18349    670.973     5.3278  34.037059    34.9787 366960.000  0.000e+00
      18350    670.973     5.3260  34.037059    34.9807 366980.000  0.000e+00
      18351    671.558     5.3223  34.035990    34.9830 367000.000  0.000e+00
      18352    670.973     5.3055  34.025312    34.9885 367020.000  0.000e+00
      18353    670.973     5.3055  34.021028    34.9836 367040.000  0.000e+00
      18354    670.973     5.3074  34.018886    34.9792 367060.000  0.000e+00
      18355    670.973     5.3046  34.014602    34.9772 367080.000  0.000e+00
      18356    670.973     5.3055  34.015673    34.9774 367100.000  0.000e+00
      18357    671.558     5.3055  34.014604    34.9759 367120.000  0.000e+00
      18358    671.558     5.3064  34.014604    34.9750 367140.000  0.000e+00
      18359    670.973     5.3092  34.019957    34.9785 367160.000  0.000e+00
      18360    670.973     5.3120  34.021027    34.9768 367180.000  0.000e+00
      18361    670.973     5.3111  34.021028    34.9778 367200.000  0.000e+00
      18362    670.973     5.3167  34.023169    34.9745 367220.000  0.000e+00
      18363    670.973     5.3158  34.023169    34.9754 367240.000  0.000e+00
      18364    671.558     5.3102  34.024243    34.9821 367260.000  0.000e+00
      18365    671.558     5.3129  34.022100    34.9768 367280.000  0.000e+00
      18366    671.558     5.3260  34.029562    34.9718 367300.000  0.000e+00
      18367    671.558     5.3223  34.027420    34.9732 367320.000  0.000e+00
      18368    671.558     5.3223  34.030634    34.9769 367340.000  0.000e+00
      18369    671.558     5.3195  34.029563    34.9785 367360.000  0.000e+00
      18370    671.558     5.3204  34.029563    34.9776 367380.000  0.000e+00
      18371    671.558     5.3297  34.030633    34.9692 367400.000  0.000e+00
      18372    671.558     5.3223  34.032776    34.9794 367420.000  0.000e+00
      18373    671.558     5.3306  34.031704    34.9695 367440.000  0.000e+00
      18374    671.558     5.3287  34.033847    34.9738 367460.000  0.000e+00
      18375    671.558     5.3297  34.035989    34.9753 367480.000  0.000e+00
      18376    671.558     5.3297  34.035989    34.9753 367500.000  0.000e+00
      18377    671.558     5.3343  34.039202    34.9742 367520.000  0.000e+00
      18378    671.558     5.3372  34.042381    34.9749 367540.000  0.000e+00
      18379    671.558     5.3399  34.040273    34.9696 367560.000  0.000e+00
      18380    671.558     5.3418  34.047738    34.9762 367580.000  0.000e+00
      18381    671.558     5.3501  34.046666    34.9663 367600.000  0.000e+00
      18382    671.558     5.3474  34.053095    34.9765 367620.000  0.000e+00
      18383    671.558     5.3455  34.054166    34.9797 367640.000  0.000e+00
      18384    671.558     5.3474  34.047737    34.9704 367660.000  0.000e+00
      18385    671.558     5.3343  34.042382    34.9778 367680.000  0.000e+00
      18386    671.558     5.3520  34.052023    34.9705 367700.000  0.000e+00
      18387    671.558     5.3586  34.061631    34.9747 367720.000  0.000e+00
      18388    671.558     5.3455  34.058418    34.9845 367740.000  0.000e+00
      18389    671.558     5.3501  34.056309    34.9773 367760.000  0.000e+00
      18390    671.558     5.3399  34.050953    34.9818 367780.000  0.000e+00
      18391    671.558     5.3613  34.059488    34.9694 367800.000  0.000e+00
      18392    671.558     5.3595  34.064846    34.9774 367820.000  0.000e+00
      18393    671.558     5.3539  34.060560    34.9783 367840.000  0.000e+00
      18394    671.558     5.3576  34.061631    34.9757 367860.000  0.000e+00
      18395    671.558     5.3725  34.064845    34.9639 367880.000  0.000e+00
      18396    671.558     5.3567  34.070205    34.9864 367900.000  0.000e+00
      18397    671.558     5.3539  34.060560    34.9783 367920.000  0.000e+00
      18398    671.558     5.3539  34.060560    34.9783 367940.000  0.000e+00
      18399    671.558     5.3539  34.058417    34.9759 367960.000  0.000e+00
      18400    671.558     5.3539  34.058417    34.9759 367980.000  0.000e+00
      18401    671.558     5.3539  34.058417    34.9759 368000.000  0.000e+00
      18402    671.558     5.3771  34.072312    34.9676 368020.000  0.000e+00
      18403    671.558     5.3744  34.083031    34.9827 368040.000  0.000e+00
      18404    671.558     5.3548  34.066990    34.9847 368060.000  0.000e+00
      18405    672.143     5.3530  34.060562    34.9790 368080.000  0.000e+00
      18406    672.143     5.3539  34.060562    34.9780 368100.000  0.000e+00
      18407    672.143     5.3530  34.058419    34.9765 368120.000  0.000e+00
      18408    672.143     5.3511  34.057348    34.9772 368140.000  0.000e+00
      18409    672.143     5.3539  34.061634    34.9793 368160.000  0.000e+00
      18410    672.143     5.3567  34.062705    34.9775 368180.000  0.000e+00
      18411    672.143     5.3557  34.061634    34.9773 368200.000  0.000e+00
      18412    672.143     5.3548  34.060562    34.9770 368220.000  0.000e+00
      18413    672.143     5.3539  34.059491    34.9768 368240.000  0.000e+00
      18414    672.143     5.3576  34.060562    34.9742 368260.000  0.000e+00
      18415    672.143     5.3669  34.069134    34.9743 368280.000  0.000e+00
      18416    672.143     5.3744  34.078745    34.9775 368300.000  0.000e+00
      18417    672.143     5.3734  34.081961    34.9822 368320.000  0.000e+00
      18418    672.143     5.3659  34.074459    34.9814 368340.000  0.000e+00
      18419    672.143     5.3557  34.071279    34.9883 368360.000  0.000e+00
      18420    672.143     5.3669  34.069134    34.9743 368380.000  0.000e+00
      18421    672.143     5.3576  34.063777    34.9778 368400.000  0.000e+00
      18422    672.143     5.3567  34.060562    34.9751 368420.000  0.000e+00
      18423    672.143     5.3539  34.060562    34.9780 368440.000  0.000e+00
      18424    672.143     5.3539  34.059491    34.9768 368460.000  0.000e+00
      18425    672.143     5.3576  34.061633    34.9754 368480.000  0.000e+00
      18426    672.143     5.3557  34.061634    34.9773 368500.000  0.000e+00
      18427    672.143     5.3548  34.059490    34.9758 368520.000  0.000e+00
      18428    672.143     5.3539  34.059491    34.9768 368540.000  0.000e+00
      18429    672.143     5.3548  34.058419    34.9746 368560.000  0.000e+00
      18430    672.143     5.3539  34.059491    34.9768 368580.000  0.000e+00
      18431    672.143     5.3511  34.058419    34.9784 368600.000  0.000e+00
      18432    672.143     5.3539  34.059491    34.9768 368620.000  0.000e+00
      18433    672.728     5.3548  34.058421    34.9743 368640.000  0.000e+00
      18434    672.143     5.3548  34.060562    34.9770 368660.000  0.000e+00
      18435    672.728     5.3557  34.064850    34.9807 368680.000  0.000e+00
      18436    672.143     5.3520  34.058419    34.9775 368700.000  0.000e+00
      18437    672.143     5.3548  34.059490    34.9758 368720.000  0.000e+00
      18438    672.728     5.3548  34.059492    34.9755 368740.000  0.000e+00
      18439    672.728     5.3539  34.059492    34.9765 368760.000  0.000e+00
      18440    672.728     5.3520  34.058421    34.9772 368780.000  0.000e+00
      18441    672.143     5.3530  34.058419    34.9765 368800.000  0.000e+00
      18442    672.143     5.3539  34.058419    34.9756 368820.000  0.000e+00
      18443    672.143     5.3539  34.059491    34.9768 368840.000  0.000e+00
      18444    672.728     5.3539  34.058421    34.9753 368860.000  0.000e+00
      18445    672.728     5.3520  34.058421    34.9772 368880.000  0.000e+00
      18446    672.728     5.3511  34.057350    34.9769 368900.000  0.000e+00
      18447    672.728     5.3511  34.057350    34.9769 368920.000  0.000e+00
      18448    672.728     5.3530  34.058421    34.9762 368940.000  0.000e+00
      18449    672.728     5.3530  34.058421    34.9762 368960.000  0.000e+00
      18450    672.728     5.3530  34.056312    34.9738 368980.000  0.000e+00
      18451    672.728     5.3520  34.058421    34.9772 369000.000  0.000e+00
      18452    672.728     5.3511  34.057350    34.9769 369020.000  0.000e+00
      18453    672.728     5.3511  34.056313    34.9757 369040.000  0.000e+00
      18454    672.728     5.3511  34.055241    34.9745 369060.000  0.000e+00
      18455    672.728     5.3530  34.056312    34.9738 369080.000  0.000e+00
      18456    672.728     5.3511  34.057350    34.9769 369100.000  0.000e+00
      18457    672.728     5.3520  34.056313    34.9748 369120.000  0.000e+00
      18458    672.728     5.3520  34.057350    34.9760 369140.000  0.000e+00
      18459    672.728     5.3511  34.057350    34.9769 369160.000  0.000e+00
      18460    672.728     5.3520  34.057350    34.9760 369180.000  0.000e+00
      18461    672.728     5.3520  34.057350    34.9760 369200.000  0.000e+00
