examples/moor/raw/msm76_2018/sbe16/DSE18_sbe16_2419.cnv
* Sea-Bird SBE16 Data File:
* FileName = C:\Users\mmonsees\Desktop\MSM76\Moorings\Recoveries\SBE16\DS-E-18\2419_DS-E-18.hex
* Software Version 1.59
* Temperature SN = 2419
* Conductivity SN = 2419
* System UpLoad Time = Aug 26 2018 13:17:25
** recovery DS-E-18
* ds
# nquan = 7
# nvalues = 51670                                 
# units = specified
# name 0 = scan: Scan Count
# name 1 = prSM: Pressure, Strain Gauge [db]
# name 2 = t090C: Temperature [ITS-90, deg C]
# name 3 = c0mS/cm: Conductivity [mS/cm]
# name 4 = sal00: Salinity, Practical [PSU]
# name 5 = timeS: Time, Elapsed [seconds]
# name 6 = flag:  0.000e+00
# span 0 =          1,      51670                 
# span 1 =      0.531,   1439.507                 
# span 2 =     0.0792,    44.6708                 
# span 3 =  -0.000210,  40.794559                 
# span 4 =     0.0000,    35.6352                 
# span 5 =      0.000, 1033380.00                 
# span 6 = 0.0000e+00, 0.0000e+00                 
# interval = seconds: 20
# start_time = Aug 12 2018 12:00:01 [Instrument's time stamp, header]
# bad_flag = -9.990e-29
*END*
[from data line 26667]
      26668    673.898     5.7995  34.469973    34.9817 533340.000  0.000e+00
      26669    673.313     5.7949  34.468894    34.9855 533360.000  0.000e+00
      26670    673.313     5.7894  34.473204    34.9961 533380.000  0.000e+00
      26671    673.313     5.7875  34.459303    34.9823 533400.000  0.000e+00
      26672    673.898     5.8041  34.471049    34.9782 533420.000  0.000e+00
      26673    673.313     5.8069  34.469970    34.9744 533440.000  0.000e+00
      26674    673.313     5.8115  34.471047    34.9709 533460.000  0.000e+00
      26675    673.898     5.7847  34.458228    34.9837 533480.000  0.000e+00
      26676    673.313     5.7348  34.422935    34.9954 533500.000  0.000e+00
      26677    673.898     5.7293  34.406927    34.9828 533520.000  0.000e+00
      26678    673.898     5.7357  34.405850    34.9749 533540.000  0.000e+00
      26679    673.898     5.7543  34.431514    34.9848 533560.000  0.000e+00
      26680    673.898     5.7580  34.419739    34.9677 533580.000  0.000e+00
      26681    673.898     5.7404  34.412274    34.9774 533600.000  0.000e+00
      26682    673.313     5.7487  34.412271    34.9691 533620.000  0.000e+00
      26683    673.898     5.7857  34.441133    34.9634 533640.000  0.000e+00
      26684    673.898     5.7875  34.450722    34.9723 533660.000  0.000e+00
      26685    673.898     5.7884  34.458228    34.9799 533680.000  0.000e+00
      26686    673.313     5.7847  34.457149    34.9828 533700.000  0.000e+00
      26687    673.313     5.7543  34.437904    34.9924 533720.000  0.000e+00
      26688    673.313     5.7386  34.418662    34.9868 533740.000  0.000e+00
      26689    673.313     5.7431  34.410118    34.9724 533760.000  0.000e+00
      26690    673.313     5.7394  34.407966    34.9738 533780.000  0.000e+00
      26691    673.313     5.7293  34.403696    34.9794 533800.000  0.000e+00
      26692    673.313     5.7339  34.407966    34.9795 533820.000  0.000e+00
      26693    673.313     5.7348  34.404771    34.9749 533840.000  0.000e+00
      26694    673.313     5.7514  34.424010    34.9796 533860.000  0.000e+00
      26695    673.313     5.7801  34.445405    34.9742 533880.000  0.000e+00
      26696    673.313     5.7865  34.452875    34.9760 533900.000  0.000e+00
      26697    673.313     5.7829  34.455029    34.9822 533920.000  0.000e+00
      26698    673.313     5.7902  34.468894    34.9903 533940.000  0.000e+00
      26699    673.313     5.7968  34.469971    34.9848 533960.000  0.000e+00
      26700    673.313     5.8124  34.472124    34.9711 533980.000  0.000e+00
      26701    673.313     5.8005  34.473203    34.9847 534000.000  0.000e+00
      26702    673.313     5.7939  34.474246    34.9925 534020.000  0.000e+00
      26703    673.313     5.8133  34.476399    34.9750 534040.000  0.000e+00
      26704    673.313     5.8170  34.476398    34.9712 534060.000  0.000e+00
      26705    673.313     5.8005  34.474245    34.9858 534080.000  0.000e+00
      26706    673.313     5.8143  34.478519    34.9764 534100.000  0.000e+00
      26707    673.313     5.8189  34.484949    34.9790 534120.000  0.000e+00
      26708    673.313     5.8170  34.482794    34.9784 534140.000  0.000e+00
      26709    673.313     5.8096  34.477477    34.9800 534160.000  0.000e+00
      26710    673.313     5.8078  34.479597    34.9843 534180.000  0.000e+00
      26711    673.313     5.8235  34.484949    34.9742 534200.000  0.000e+00
      26712    672.728     5.8235  34.489222    34.9793 534220.000  0.000e+00
      26713    673.313     5.8244  34.489224    34.9781 534240.000  0.000e+00
      26714    673.313     5.8207  34.488147    34.9807 534260.000  0.000e+00
      26715    673.313     5.8235  34.488147    34.9778 534280.000  0.000e+00
      26716    673.313     5.8235  34.488147    34.9778 534300.000  0.000e+00
      26717    673.313     5.8226  34.488147    34.9788 534320.000  0.000e+00
      26718    673.313     5.7986  34.479598    34.9938 534340.000  0.000e+00
      26719    673.313     5.8216  34.484949    34.9761 534360.000  0.000e+00
      26720    672.728     5.8226  34.487067    34.9778 534380.000  0.000e+00
      26721    673.313     5.8216  34.489225    34.9810 534400.000  0.000e+00
      26722    672.728     5.8198  34.486025    34.9795 534420.000  0.000e+00
      26723    672.728     5.8170  34.482792    34.9787 534440.000  0.000e+00
      26724    673.313     5.8180  34.483872    34.9787 534460.000  0.000e+00
      26725    672.728     5.8143  34.480672    34.9791 534480.000  0.000e+00
      26726    672.728     5.8013  34.477476    34.9889 534500.000  0.000e+00
      26727    673.313     5.8161  34.468891    34.9636 534520.000  0.000e+00
      26728    672.728     5.7902  34.459301    34.9798 534540.000  0.000e+00
      26729    672.728     5.7847  34.457147    34.9830 534560.000  0.000e+00
      26730    673.313     5.7774  34.451799    34.9843 534580.000  0.000e+00
      26731    673.313     5.8032  34.445403    34.9504 534600.000  0.000e+00
      26732    673.313     5.7931  34.461422    34.9790 534620.000  0.000e+00
      26733    673.313     5.7995  34.474246    34.9868 534640.000  0.000e+00
      26734    673.313     5.8005  34.464618    34.9750 534660.000  0.000e+00
      26735    673.313     5.8078  34.471047    34.9747 534680.000  0.000e+00
      26736    672.728     5.8041  34.471046    34.9788 534700.000  0.000e+00
      26737    673.313     5.7986  34.466773    34.9793 534720.000  0.000e+00
      26738    672.728     5.7968  34.462497    34.9767 534740.000  0.000e+00
      26739    673.313     5.7644  34.457151    35.0037 534760.000  0.000e+00
      26740    673.313     5.7700  34.443252    34.9822 534780.000  0.000e+00
      26741    673.313     5.7811  34.442174    34.9696 534800.000  0.000e+00
      26742    673.313     5.7727  34.448603    34.9855 534820.000  0.000e+00
      26743    673.313     5.8013  34.465696    34.9753 534840.000  0.000e+00
      26744    673.313     5.7902  34.463577    34.9843 534860.000  0.000e+00
      26745    673.313     5.7764  34.452876    34.9865 534880.000  0.000e+00
      26746    673.313     5.7774  34.452876    34.9855 534900.000  0.000e+00
      26747    673.313     5.8180  34.471046    34.9642 534920.000  0.000e+00
      26748    673.313     5.8050  34.477477    34.9848 534940.000  0.000e+00
      26749    673.313     5.7949  34.466774    34.9831 534960.000  0.000e+00
      26750    673.313     5.7986  34.471048    34.9841 534980.000  0.000e+00
      26751    673.313     5.7857  34.463578    34.9890 535000.000  0.000e+00
      26752    673.313     5.7764  34.452876    34.9865 535020.000  0.000e+00
      26753    673.898     5.7626  34.441136    34.9872 535040.000  0.000e+00
      26754    673.898     5.7570  34.431514    34.9820 535060.000  0.000e+00
      26755    673.898     5.7506  34.426165    34.9826 535080.000  0.000e+00
      26756    673.898     5.7487  34.421893    34.9797 535100.000  0.000e+00
      26757    673.898     5.7487  34.419740    34.9773 535120.000  0.000e+00
      26758    673.898     5.7524  34.421893    34.9759 535140.000  0.000e+00
      26759    673.898     5.7561  34.426164    34.9769 535160.000  0.000e+00
      26760    673.898     5.7496  34.427207    34.9848 535180.000  0.000e+00
      26761    673.898     5.7543  34.420816    34.9728 535200.000  0.000e+00
      26762    673.898     5.7543  34.426165    34.9788 535220.000  0.000e+00
      26763    673.898     5.7617  34.427206    34.9723 535240.000  0.000e+00
      26764    673.898     5.7626  34.431513    34.9763 535260.000  0.000e+00
      26765    673.898     5.7626  34.434709    34.9799 535280.000  0.000e+00
      26766    673.898     5.7663  34.433632    34.9749 535300.000  0.000e+00
      26767    673.898     5.7847  34.440056    34.9632 535320.000  0.000e+00
      26768    673.898     5.7681  34.445409    34.9863 535340.000  0.000e+00
      26769    673.898     5.7626  34.435786    34.9811 535360.000  0.000e+00
      26770    673.898     5.7644  34.434709    34.9780 535380.000  0.000e+00
      26771    673.898     5.7671  34.436828    34.9776 535400.000  0.000e+00
      26772    673.898     5.7561  34.436829    34.9890 535420.000  0.000e+00
      26773    673.898     5.7681  34.432555    34.9718 535440.000  0.000e+00
      26774    673.898     5.7884  34.445406    34.9654 535460.000  0.000e+00
      26775    673.898     5.7857  34.456074    34.9803 535480.000  0.000e+00
      26776    673.898     5.8115  34.465697    34.9645 535500.000  0.000e+00
      26777    673.313     5.8124  34.480674    34.9808 535520.000  0.000e+00
      26778    673.898     5.8005  34.474247    34.9856 535540.000  0.000e+00
      26779    673.313     5.8050  34.472125    34.9787 535560.000  0.000e+00
      26780    673.313     5.8022  34.472125    34.9816 535580.000  0.000e+00
      26781    673.313     5.7986  34.469971    34.9829 535600.000  0.000e+00
      26782    673.313     5.8005  34.465696    34.9762 535620.000  0.000e+00
      26783    673.313     5.8078  34.475322    34.9795 535640.000  0.000e+00
      26784    673.313     5.8087  34.476399    34.9797 535660.000  0.000e+00
      26785    673.313     5.8115  34.481752    34.9830 535680.000  0.000e+00
      26786    673.313     5.8124  34.478519    34.9783 535700.000  0.000e+00
      26787    673.898     5.8115  34.482797    34.9839 535720.000  0.000e+00
      26788    673.898     5.8013  34.477480    34.9883 535740.000  0.000e+00
      26789    673.898     5.8170  34.478521    34.9733 535760.000  0.000e+00
      26790    673.898     5.8115  34.484952    34.9863 535780.000  0.000e+00
      26791    673.898     5.7894  34.471051    34.9934 535800.000  0.000e+00
      26792    673.898     5.7875  34.459305    34.9820 535820.000  0.000e+00
      26793    673.898     5.7912  34.459305    34.9782 535840.000  0.000e+00
      26794    673.898     5.7912  34.459305    34.9782 535860.000  0.000e+00
      26795    673.898     5.7939  34.463579    34.9802 535880.000  0.000e+00
      26796    673.898     5.7958  34.466776    34.9819 535900.000  0.000e+00
      26797    673.898     5.8216  34.473202    34.9626 535920.000  0.000e+00
      26798    673.898     5.8133  34.486029    34.9856 535940.000  0.000e+00
      26799    673.898     5.8087  34.478522    34.9818 535960.000  0.000e+00
      26800    673.898     5.7995  34.472127    34.9841 535980.000  0.000e+00
      26801    673.898     5.7921  34.465699    34.9845 536000.000  0.000e+00
      26802    673.898     5.7884  34.460347    34.9823 536020.000  0.000e+00
      26803    673.898     5.7857  34.456074    34.9803 536040.000  0.000e+00
      26804    673.898     5.7820  34.452877    34.9805 536060.000  0.000e+00
      26805    673.898     5.7829  34.451800    34.9783 536080.000  0.000e+00
      26806    673.898     5.7737  34.450724    34.9866 536100.000  0.000e+00
      26807    673.898     5.7690  34.442177    34.9817 536120.000  0.000e+00
      26808    673.898     5.7681  34.440058    34.9802 536140.000  0.000e+00
      26809    673.898     5.7644  34.436828    34.9804 536160.000  0.000e+00
      26810    673.898     5.7690  34.437904    34.9769 536180.000  0.000e+00
      26811    673.898     5.7708  34.440058    34.9774 536200.000  0.000e+00
      26812    673.898     5.7718  34.441135    34.9776 536220.000  0.000e+00
      26813    674.483     5.7727  34.441137    34.9764 536240.000  0.000e+00
      26814    673.898     5.7737  34.443254    34.9781 536260.000  0.000e+00
      26815    673.898     5.7700  34.443254    34.9819 536280.000  0.000e+00
      26816    673.898     5.7663  34.440058    34.9821 536300.000  0.000e+00
      26817    673.898     5.7737  34.436827    34.9709 536320.000  0.000e+00
      26818    673.898     5.7654  34.441136    34.9843 536340.000  0.000e+00
      26819    673.898     5.7663  34.438981    34.9809 536360.000  0.000e+00
      26820    673.313     5.7737  34.442175    34.9772 536380.000  0.000e+00
      26821    673.898     5.7865  34.451800    34.9745 536400.000  0.000e+00
      26822    673.313     5.7829  34.453952    34.9810 536420.000  0.000e+00
      26823    673.313     5.7820  34.452875    34.9808 536440.000  0.000e+00
      26824    673.313     5.7626  34.446450    34.9935 536460.000  0.000e+00
      26825    673.313     5.7644  34.442176    34.9867 536480.000  0.000e+00
      26826    673.313     5.7644  34.444330    34.9892 536500.000  0.000e+00
      26827    673.313     5.7949  34.455028    34.9698 536520.000  0.000e+00
      26828    673.313     5.7829  34.461423    34.9894 536540.000  0.000e+00
      26829    673.313     5.7931  34.461422    34.9790 536560.000  0.000e+00
      26830    673.313     5.7912  34.460345    34.9797 536580.000  0.000e+00
      26831    673.313     5.7939  34.461422    34.9781 536600.000  0.000e+00
      26832    673.313     5.7949  34.462499    34.9783 536620.000  0.000e+00
      26833    673.313     5.7865  34.460346    34.9845 536640.000  0.000e+00
      26834    672.728     5.7671  34.445405    34.9879 536660.000  0.000e+00
      26835    672.728     5.7718  34.446447    34.9842 536680.000  0.000e+00
      26836    672.728     5.7921  34.451795    34.9694 536700.000  0.000e+00
      26837    672.728     5.7949  34.462497    34.9786 536720.000  0.000e+00
      26838    672.728     5.7949  34.463575    34.9798 536740.000  0.000e+00
      26839    672.728     5.7986  34.466771    34.9796 536760.000  0.000e+00
      26840    672.728     5.7986  34.466771    34.9796 536780.000  0.000e+00
      26841    672.728     5.7968  34.465694    34.9803 536800.000  0.000e+00
      26842    672.728     5.7986  34.465694    34.9784 536820.000  0.000e+00
      26843    672.728     5.7968  34.465694    34.9803 536840.000  0.000e+00
      26844    672.728     5.7976  34.466772    34.9806 536860.000  0.000e+00
      26845    672.728     5.7949  34.464617    34.9810 536880.000  0.000e+00
      26846    672.728     5.7939  34.462497    34.9796 536900.000  0.000e+00
      26847    672.728     5.7902  34.461421    34.9822 536920.000  0.000e+00
      26848    672.728     5.7894  34.459301    34.9807 536940.000  0.000e+00
      26849    672.728     5.7902  34.458224    34.9785 536960.000  0.000e+00
      26850    672.728     5.7894  34.458224    34.9795 536980.000  0.000e+00
      26851    672.728     5.7894  34.458224    34.9795 537000.000  0.000e+00
      26852    672.728     5.7884  34.458224    34.9805 537020.000  0.000e+00
      26853    672.728     5.7884  34.457147    34.9792 537040.000  0.000e+00
      26854    672.728     5.7847  34.453950    34.9794 537060.000  0.000e+00
      26855    672.728     5.7801  34.452874    34.9829 537080.000  0.000e+00
      26856    673.313     5.7727  34.447525    34.9842 537100.000  0.000e+00
      26857    672.728     5.7755  34.444327    34.9780 537120.000  0.000e+00
      26858    672.728     5.7811  34.447523    34.9759 537140.000  0.000e+00
      26859    672.728     5.7811  34.449677    34.9783 537160.000  0.000e+00
      26860    672.728     5.7635  34.440055    34.9856 537180.000  0.000e+00
      26861    672.728     5.7644  34.435782    34.9798 537200.000  0.000e+00
      26862    672.728     5.7746  34.442173    34.9766 537220.000  0.000e+00
      26863    672.728     5.7764  34.444327    34.9771 537240.000  0.000e+00
      26864    672.728     5.7838  34.449676    34.9755 537260.000  0.000e+00
      26865    672.728     5.7865  34.455027    34.9787 537280.000  0.000e+00
      26866    672.728     5.7820  34.452873    34.9810 537300.000  0.000e+00
      26867    672.728     5.7783  34.449677    34.9812 537320.000  0.000e+00
      26868    672.728     5.7774  34.445404    34.9773 537340.000  0.000e+00
      26869    672.728     5.7829  34.451796    34.9788 537360.000  0.000e+00
      26870    672.728     5.7820  34.450719    34.9786 537380.000  0.000e+00
      26871    672.728     5.7746  34.447523    34.9826 537400.000  0.000e+00
