examples/moor/raw/msm76_2018/sbe16/DSE18_sbe16_2419.cnv
* Sea-Bird SBE16 Data File:
* FileName = C:\Users\mmonsees\Desktop\MSM76\Moorings\Recoveries\SBE16\DS-E-18\2419_DS-E-18.hex
* Software Version 1.59
* Temperature SN = 2419
* Conductivity SN = 2419
* System UpLoad Time = Aug 26 2018 13:17:25
** recovery DS-E-18
* ds
# nquan = 7
# nvalues = 51670                                 
# units = specified
# name 0 = scan: Scan Count
# name 1 = prSM: Pressure, Strain Gauge [db]
# name 2 = t090C: Temperature [ITS-90, deg C]
# name 3 = c0mS/cm: Conductivity [mS/cm]
# name 4 = sal00: Salinity, Practical [PSU]
# name 5 = timeS: Time, Elapsed [seconds]
# name 6 = flag:  0.000e+00
# span 0 =          1,      51670                 
# span 1 =      0.531,   1439.507                 
# span 2 =     0.0792,    44.6708                 
# span 3 =  -0.000210,  40.794559                 
# span 4 =     0.0000,    35.6352                 
# span 5 =      0.000, 1033380.00                 
# span 6 = 0.0000e+00, 0.0000e+00                 
# interval = seconds: 20
# start_time = Aug 12 2018 12:00:01 [Instrument's time stamp, header]
# bad_flag = -9.990e-29
*END*
[from data line 13949]
      13950    733.547     0.7363  29.885296    34.8434 278980.000  0.000e+00
      13951    732.963     0.7272  29.879980    34.8470 279000.000  0.000e+00
      13952    732.378     0.7272  29.882098    34.8501 279020.000  0.000e+00
      13953    731.793     0.7283  29.882096    34.8492 279040.000  0.000e+00
      13954    731.209     0.7303  29.883170    34.8487 279060.000  0.000e+00
      13955    730.624     0.7292  29.882093    34.8488 279080.000  0.000e+00
      13956    730.624     0.7303  29.881017    34.8463 279100.000  0.000e+00
      13957    730.624     0.7312  29.882093    34.8466 279120.000  0.000e+00
      13958    730.039     0.7303  29.882091    34.8480 279140.000  0.000e+00
      13959    730.039     0.7303  29.881015    34.8466 279160.000  0.000e+00
      13960    730.039     0.7333  29.883167    34.8461 279180.000  0.000e+00
      13961    729.455     0.7323  29.883165    34.8475 279200.000  0.000e+00
      13962    729.455     0.7363  29.885284    34.8457 279220.000  0.000e+00
      13963    728.870     0.7343  29.885283    34.8483 279240.000  0.000e+00
      13964    728.870     0.7363  29.885283    34.8461 279260.000  0.000e+00
      13965    728.285     0.7343  29.883162    34.8459 279280.000  0.000e+00
      13966    728.285     0.7182  29.872469    34.8500 279300.000  0.000e+00
      13967    728.285     0.7243  29.875663    34.8474 279320.000  0.000e+00
      13968    728.285     0.7323  29.882086    34.8468 279340.000  0.000e+00
      13969    727.701     0.7343  29.882084    34.8448 279360.000  0.000e+00
      13970    727.701     0.7343  29.883160    34.8462 279380.000  0.000e+00
      13971    727.701     0.7493  29.890626    34.8391 279400.000  0.000e+00
      13972    727.701     0.7463  29.890626    34.8425 279420.000  0.000e+00
      13973    727.701     0.7423  29.887431    34.8428 279440.000  0.000e+00
      13974    727.116     0.7333  29.884234    34.8491 279460.000  0.000e+00
      13975    727.116     0.7303  29.879963    34.8469 279480.000  0.000e+00
      13976    726.531     0.7292  29.879962    34.8484 279500.000  0.000e+00
      13977    726.531     0.7162  29.870345    34.8505 279520.000  0.000e+00
      13978    726.531     0.7182  29.870345    34.8483 279540.000  0.000e+00
      13979    725.947     0.7243  29.875657    34.8487 279560.000  0.000e+00
      13980    725.947     0.7233  29.875657    34.8498 279580.000  0.000e+00
      13981    725.947     0.7233  29.874614    34.8485 279600.000  0.000e+00
      13982    725.362     0.7253  29.875655    34.8479 279620.000  0.000e+00
      13983    725.362     0.7243  29.875655    34.8491 279640.000  0.000e+00
      13984    725.362     0.7263  29.876731    34.8482 279660.000  0.000e+00
      13985    725.362     0.7243  29.875655    34.8491 279680.000  0.000e+00
      13986    725.362     0.7253  29.876731    34.8493 279700.000  0.000e+00
      13987    725.362     0.7243  29.874612    34.8477 279720.000  0.000e+00
      13988    725.362     0.7243  29.874612    34.8477 279740.000  0.000e+00
      13989    725.362     0.7243  29.874612    34.8477 279760.000  0.000e+00
      13990    725.947     0.7233  29.874614    34.8485 279780.000  0.000e+00
      13991    725.947     0.7233  29.874614    34.8485 279800.000  0.000e+00
      13992    726.531     0.7243  29.874615    34.8471 279820.000  0.000e+00
      13993    726.531     0.7233  29.874615    34.8481 279840.000  0.000e+00
      13994    726.531     0.7243  29.874615    34.8471 279860.000  0.000e+00
      13995    726.531     0.7203  29.872464    34.8488 279880.000  0.000e+00
      13996    727.116     0.7203  29.871390    34.8470 279900.000  0.000e+00
      13997    727.116     0.7203  29.872465    34.8484 279920.000  0.000e+00
      13998    727.116     0.7193  29.871390    34.8481 279940.000  0.000e+00
      13999    727.116     0.7203  29.872465    34.8484 279960.000  0.000e+00
      14000    727.116     0.7213  29.873541    34.8487 279980.000  0.000e+00
      14001    727.701     0.7223  29.873543    34.8472 280000.000  0.000e+00
      14002    727.701     0.7223  29.873543    34.8472 280020.000  0.000e+00
      14003    728.285     0.7243  29.874620    34.8461 280040.000  0.000e+00
      14004    728.285     0.7213  29.873545    34.8480 280060.000  0.000e+00
      14005    728.285     0.7203  29.873545    34.8491 280080.000  0.000e+00
      14006    728.870     0.7223  29.874622    34.8480 280100.000  0.000e+00
      14007    728.870     0.7233  29.874622    34.8468 280120.000  0.000e+00
      14008    728.870     0.7203  29.873546    34.8488 280140.000  0.000e+00
      14009    729.455     0.7193  29.872472    34.8482 280160.000  0.000e+00
      14010    729.455     0.7173  29.872472    34.8504 280180.000  0.000e+00
      14011    729.455     0.7233  29.875667    34.8478 280200.000  0.000e+00
      14012    729.455     0.7243  29.876743    34.8481 280220.000  0.000e+00
      14013    730.039     0.7203  29.875669    34.8509 280240.000  0.000e+00
      14014    730.039     0.7223  29.874625    34.8473 280260.000  0.000e+00
      14015    730.039     0.7203  29.873550    34.8482 280280.000  0.000e+00
      14016    730.039     0.7203  29.874626    34.8495 280300.000  0.000e+00
      14017    730.039     0.7162  29.871398    34.8498 280320.000  0.000e+00
      14018    729.455     0.7203  29.873548    34.8485 280340.000  0.000e+00
      14019    729.455     0.7203  29.875667    34.8512 280360.000  0.000e+00
      14020    729.455     0.7203  29.874624    34.8499 280380.000  0.000e+00
      14021    729.455     0.7193  29.873548    34.8496 280400.000  0.000e+00
      14022    729.455     0.7182  29.874624    34.8521 280420.000  0.000e+00
      14023    729.455     0.7203  29.874624    34.8499 280440.000  0.000e+00
      14024    729.455     0.7283  29.881014    34.8492 280460.000  0.000e+00
      14025    729.455     0.7283  29.879970    34.8478 280480.000  0.000e+00
      14026    729.455     0.7233  29.876743    34.8492 280500.000  0.000e+00
      14027    729.455     0.7253  29.876743    34.8470 280520.000  0.000e+00
      14028    729.455     0.7383  29.886360    34.8449 280540.000  0.000e+00
      14029    728.870     0.7393  29.887434    34.8455 280560.000  0.000e+00
      14030    728.870     0.7383  29.887435    34.8466 280580.000  0.000e+00
      14031    728.870     0.7383  29.889554    34.8493 280600.000  0.000e+00
      14032    728.285     0.7393  29.888509    34.8473 280620.000  0.000e+00
      14033    728.285     0.7403  29.886357    34.8433 280640.000  0.000e+00
      14034    727.701     0.7463  29.891702    34.8439 280660.000  0.000e+00
      14035    727.116     0.7453  29.892777    34.8467 280680.000  0.000e+00
      14036    727.116     0.7523  29.894896    34.8417 280700.000  0.000e+00
      14037    726.531     0.7523  29.899167    34.8475 280720.000  0.000e+00
      14038    726.531     0.7543  29.897047    34.8425 280740.000  0.000e+00
      14039    725.947     0.7553  29.899165    34.8445 280760.000  0.000e+00
      14040    725.947     0.7553  29.900241    34.8458 280780.000  0.000e+00
      14041    725.947     0.7263  29.874613    34.8451 280800.000  0.000e+00
      14042    725.947     0.7303  29.876732    34.8434 280820.000  0.000e+00
      14043    725.947     0.7312  29.877808    34.8437 280840.000  0.000e+00
      14044    725.947     0.7343  29.879960    34.8431 280860.000  0.000e+00
      14045    725.947     0.7303  29.879960    34.8476 280880.000  0.000e+00
      14046    726.531     0.7353  29.882080    34.8444 280900.000  0.000e+00
      14047    726.531     0.7413  29.886351    34.8432 280920.000  0.000e+00
      14048    725.947     0.7363  29.886350    34.8491 280940.000  0.000e+00
      14049    725.947     0.7413  29.888502    34.8463 280960.000  0.000e+00
      14050    725.947     0.7453  29.890621    34.8446 280980.000  0.000e+00
      14051    725.947     0.7223  29.873538    34.8482 281000.000  0.000e+00
      14052    725.947     0.7203  29.870343    34.8463 281020.000  0.000e+00
      14053    725.947     0.7142  29.869268    34.8517 281040.000  0.000e+00
      14054    725.947     0.7213  29.870343    34.8452 281060.000  0.000e+00
      14055    725.947     0.7223  29.871386    34.8455 281080.000  0.000e+00
      14056    725.947     0.7182  29.870343    34.8486 281100.000  0.000e+00
      14057    725.947     0.7082  29.862846    34.8501 281120.000  0.000e+00
      14058    725.947     0.7203  29.871386    34.8477 281140.000  0.000e+00
      14059    726.531     0.7253  29.871387    34.8417 281160.000  0.000e+00
      14060    726.531     0.7142  29.868194    34.8500 281180.000  0.000e+00
      14061    726.531     0.7433  29.885275    34.8396 281200.000  0.000e+00
      14062    727.116     0.7353  29.878887    34.8400 281220.000  0.000e+00
      14063    727.116     0.7063  29.863926    34.8530 281240.000  0.000e+00
      14064    727.116     0.7093  29.866077    34.8524 281260.000  0.000e+00
      14065    727.116     0.7012  29.860732    34.8545 281280.000  0.000e+00
      14066    727.701     0.7032  29.860733    34.8519 281300.000  0.000e+00
      14067    727.701     0.6932  29.853237    34.8534 281320.000  0.000e+00
      14068    728.285     0.6922  29.852196    34.8528 281340.000  0.000e+00
      14069    728.285     0.7043  29.861810    34.8518 281360.000  0.000e+00
      14070    728.285     0.7003  29.857508    34.8507 281380.000  0.000e+00
      14071    728.285     0.7023  29.859659    34.8513 281400.000  0.000e+00
      14072    728.285     0.7072  29.862853    34.8498 281420.000  0.000e+00
      14073    728.285     0.7032  29.860735    34.8516 281440.000  0.000e+00
      14074    728.285     0.6992  29.858584    34.8533 281460.000  0.000e+00
      14075    728.285     0.7043  29.861810    34.8518 281480.000  0.000e+00
      14076    728.285     0.7043  29.861810    34.8518 281500.000  0.000e+00
      14077    728.285     0.6992  29.858584    34.8533 281520.000  0.000e+00
      14078    728.285     0.7032  29.858584    34.8488 281540.000  0.000e+00
      14079    728.285     0.7113  29.866080    34.8495 281560.000  0.000e+00
      14080    728.870     0.7032  29.858585    34.8485 281580.000  0.000e+00
      14081    728.870     0.7023  29.857510    34.8482 281600.000  0.000e+00
      14082    728.870     0.7032  29.858585    34.8485 281620.000  0.000e+00
      14083    728.870     0.6902  29.851123    34.8534 281640.000  0.000e+00
      14084    728.870     0.6912  29.851123    34.8523 281660.000  0.000e+00
      14085    729.455     0.6892  29.851124    34.8542 281680.000  0.000e+00
      14086    730.039     0.6902  29.851126    34.8527 281700.000  0.000e+00
      14087    730.039     0.6912  29.852201    34.8530 281720.000  0.000e+00
      14088    730.039     0.6892  29.851126    34.8538 281740.000  0.000e+00
      14089    730.039     0.6922  29.852201    34.8518 281760.000  0.000e+00
      14090    730.039     0.6862  29.850051    34.8558 281780.000  0.000e+00
      14091    730.624     0.6873  29.850052    34.8543 281800.000  0.000e+00
      14092    730.624     0.6842  29.848977    34.8563 281820.000  0.000e+00
      14093    730.624     0.6932  29.854321    34.8532 281840.000  0.000e+00
      14094    730.624     0.6922  29.852203    34.8515 281860.000  0.000e+00
      14095    730.624     0.6873  29.850052    34.8543 281880.000  0.000e+00
      14096    730.624     0.6912  29.854322    34.8554 281900.000  0.000e+00
      14097    730.624     0.7003  29.857515    34.8494 281920.000  0.000e+00
      14098    730.624     0.6902  29.852203    34.8537 281940.000  0.000e+00
      14099    730.624     0.6922  29.854321    34.8542 281960.000  0.000e+00
      14100    730.624     0.6942  29.852203    34.8493 281980.000  0.000e+00
      14101    730.624     0.6842  29.847934    34.8549 282000.000  0.000e+00
      14102    730.039     0.6822  29.846857    34.8561 282020.000  0.000e+00
      14103    730.039     0.6802  29.845782    34.8570 282040.000  0.000e+00
      14104    730.039     0.6772  29.842589    34.8562 282060.000  0.000e+00
      14105    730.039     0.6782  29.842589    34.8551 282080.000  0.000e+00
      14106    730.039     0.6782  29.842589    34.8551 282100.000  0.000e+00
      14107    730.039     0.6772  29.842589    34.8562 282120.000  0.000e+00
      14108    730.039     0.6762  29.842589    34.8573 282140.000  0.000e+00
      14109    730.039     0.6782  29.842589    34.8551 282160.000  0.000e+00
      14110    730.039     0.6802  29.843631    34.8542 282180.000  0.000e+00
      14111    730.039     0.6802  29.843631    34.8542 282200.000  0.000e+00
      14112    730.624     0.6782  29.844709    34.8575 282220.000  0.000e+00
      14113    730.624     0.6812  29.844708    34.8541 282240.000  0.000e+00
      14114    730.624     0.6782  29.843633    34.8561 282260.000  0.000e+00
      14115    730.624     0.6802  29.844708    34.8553 282280.000  0.000e+00
      14116    730.624     0.6812  29.844708    34.8541 282300.000  0.000e+00
      14117    730.624     0.6812  29.845784    34.8555 282320.000  0.000e+00
      14118    730.624     0.6812  29.845784    34.8555 282340.000  0.000e+00
      14119    730.624     0.6822  29.845784    34.8544 282360.000  0.000e+00
      14120    731.209     0.6802  29.845786    34.8563 282380.000  0.000e+00
      14121    730.624     0.6812  29.845784    34.8555 282400.000  0.000e+00
      14122    730.624     0.6832  29.846859    34.8546 282420.000  0.000e+00
      14123    730.624     0.6812  29.845784    34.8555 282440.000  0.000e+00
      14124    730.624     0.6812  29.845784    34.8555 282460.000  0.000e+00
      14125    730.624     0.6842  29.847934    34.8549 282480.000  0.000e+00
      14126    730.624     0.6812  29.845784    34.8555 282500.000  0.000e+00
      14127    730.624     0.6792  29.844709    34.8563 282520.000  0.000e+00
      14128    730.624     0.6762  29.842591    34.8570 282540.000  0.000e+00
      14129    730.624     0.6822  29.845784    34.8544 282560.000  0.000e+00
      14130    730.624     0.6862  29.848977    34.8541 282580.000  0.000e+00
      14131    730.624     0.6842  29.847934    34.8549 282600.000  0.000e+00
      14132    730.624     0.6873  29.847934    34.8515 282620.000  0.000e+00
      14133    730.624     0.6862  29.848977    34.8541 282640.000  0.000e+00
      14134    730.624     0.6892  29.850052    34.8521 282660.000  0.000e+00
      14135    730.039     0.6912  29.851126    34.8516 282680.000  0.000e+00
      14136    729.455     0.6842  29.847931    34.8556 282700.000  0.000e+00
      14137    729.455     0.6962  29.855393    34.8518 282720.000  0.000e+00
      14138    729.455     0.7032  29.862857    34.8537 282740.000  0.000e+00
      14139    729.455     0.7072  29.862857    34.8492 282760.000  0.000e+00
      14140    728.870     0.6952  29.854316    34.8519 282780.000  0.000e+00
      14141    728.870     0.6852  29.847929    34.8548 282800.000  0.000e+00
      14142    728.870     0.6902  29.851123    34.8534 282820.000  0.000e+00
      14143    728.285     0.6842  29.846852    34.8549 282840.000  0.000e+00
      14144    728.285     0.6822  29.845777    34.8557 282860.000  0.000e+00
      14145    728.285     0.6842  29.845777    34.8535 282880.000  0.000e+00
      14146    728.285     0.6873  29.846852    34.8515 282900.000  0.000e+00
      14147    727.701     0.6892  29.848968    34.8524 282920.000  0.000e+00
      14148    727.701     0.6852  29.846850    34.8541 282940.000  0.000e+00
      14149    727.701     0.6862  29.847926    34.8544 282960.000  0.000e+00
      14150    727.701     0.6882  29.847926    34.8521 282980.000  0.000e+00
      14151    727.701     0.6882  29.848968    34.8535 283000.000  0.000e+00
      14152    727.701     0.6892  29.848968    34.8524 283020.000  0.000e+00
      14153    727.116     0.6882  29.848967    34.8538 283040.000  0.000e+00
